Scheme,Credit,DAGAmt,Topo,CreditType,NumPaths,PathType,Threshold,SuccRatio,SuccRatioMin,SuccRatioMax,SuccVolume,SuccVolumeMin,SuccVolumeMax,CompTime,CompTimeMin,CompTimeMax
WF,4000,0,sf,lnd,4,widest,300,93.292523,92.529979,94.447921,84.161299,82.459450,86.198911,410.194687,396.305474,421.845129
WF,4000,5,sf,lnd,4,widest,300,89.430378,88.360113,90.525234,77.784995,75.919238,79.821062,444.762699,431.098633,457.603118
WF,4000,20,sf,lnd,4,widest,300,69.704381,67.693096,72.392974,54.779885,52.149882,58.588573,565.210085,542.210449,584.115471
WF,4000,40,sf,lnd,4,widest,300,50.875350,49.337911,54.500050,38.716602,37.341334,42.134841,607.010496,600.468902,613.699916
LND,4000,0,sf,lnd,4,shortest,300,83.653655,83.034150,84.652963,69.729959,68.886531,71.088287,374.275934,363.141950,387.393982
LND,4000,5,sf,lnd,4,shortest,300,83.129639,82.144346,83.916342,67.972965,65.896658,68.913241,386.019208,373.384115,398.626761
LND,4000,20,sf,lnd,4,shortest,300,71.385422,70.266060,72.207732,51.717916,50.208664,53.359767,430.750742,423.475935,434.714552
LND,4000,40,sf,lnd,4,shortest,300,55.258336,52.860798,58.862650,35.615494,34.154528,38.027410,459.776891,443.929102,471.982475
LR,4000,0,sf,lnd,4,shortest,300,64.150801,63.525585,64.647464,28.203389,27.220438,28.980475,610.124240,608.452051,610.816081
LR,4000,5,sf,lnd,4,shortest,300,63.861125,63.581824,64.077859,28.350614,27.915475,28.656218,607.089301,606.057823,608.105178
LR,4000,20,sf,lnd,4,shortest,300,56.226350,55.532038,56.735103,21.665390,21.075526,22.086196,595.494916,595.002829,596.001580
LR,4000,40,sf,lnd,4,shortest,300,43.581306,41.946575,47.136091,15.223244,14.102684,17.235870,581.208042,579.029172,584.313017
SP,4000,0,sf,lnd,4,shortest,300,29.033540,22.648226,35.134280,13.390884,10.425937,16.443535,2911.126988,2816.172642,2981.861307
SP,4000,5,sf,lnd,4,shortest,300,44.912132,42.912246,47.013237,20.346476,18.486094,22.238335,2821.206181,2696.570209,2949.109336
SP,4000,20,sf,lnd,4,shortest,300,44.174372,42.290255,48.302974,19.770492,18.667778,22.034380,2734.553671,2658.273941,2796.147173
SP,4000,40,sf,lnd,4,shortest,300,33.210579,30.444417,37.459345,14.322649,12.626360,16.103784,2785.357659,2671.990923,2874.510472
DCTCP_qdelay,4000,0,sf,lnd,4,widest,300,94.663401,93.828863,95.646775,89.813658,87.888134,91.535491,1017.897086,1005.577013,1027.499092
DCTCP_qdelay,4000,5,sf,lnd,4,widest,300,90.311827,90.020021,90.787485,82.130236,81.358855,83.840506,1237.320088,1214.764133,1262.657254
DCTCP_qdelay,4000,20,sf,lnd,4,widest,300,72.040509,70.677801,73.914496,59.543148,57.439912,62.586795,1516.779627,1493.764689,1539.913300
DCTCP_qdelay,4000,40,sf,lnd,4,widest,300,53.929039,51.054951,58.053522,43.664430,41.047347,47.364092,1640.441212,1608.245350,1663.418010
Circ,4000,0,sf,lnd,4,ideal,0,100.000000,100.000000,100.000000,100.000000,100.000000,100.000000,0,0,0
Circ,4000,5,sf,lnd,4,ideal,0,95.000000,95.000000,95.000000,95.000000,95.000000,95.000000,0,0,0
Circ,4000,20,sf,lnd,4,ideal,0,80.000000,80.000000,80.000000,80.000000,80.000000,80.000000,0,0,0
Circ,4000,40,sf,lnd,4,ideal,0,60.000000,60.000000,60.000000,60.000000,60.000000,60.000000,0,0,0
WF,16880,0,lnd,lnd,4,widest,None,85.891914,83.454517,88.971692,75.961251,72.617576,80.367860,617.295301,565.696051,647.397517
LND,16880,0,lnd,lnd,4,shortest,None,69.742757,68.097791,70.475476,57.463435,55.019803,58.688014,600.790702,578.158358,630.005764
LR,16880,0,lnd,lnd,4,shortest,None,39.339293,38.239839,40.387834,12.926237,11.763386,13.904097,1115.466821,1110.974506,1118.171896
SP,16880,0,lnd,lnd,4,shortest,None,3.209430,1.815221,5.217531,1.379188,0.767681,2.317065,3585.979226,3427.256197,3903.040706
DCTCP_qdelay,16880,0,lnd,lnd,4,widest,None,95.320543,94.413062,95.897276,87.925569,85.814254,89.146440,1028.977127,1006.978523,1057.131979
WF,16880,5,lnd,lnd,4,widest,300,78.468900,77.058389,80.518022,65.396958,63.899877,68.005082,662.874542,648.354683,673.702372
WF,16880,20,lnd,lnd,4,widest,300,54.852855,52.418138,56.794429,39.924016,37.397399,41.883749,799.580328,782.011451,817.542085
WF,16880,40,lnd,lnd,4,widest,300,34.129237,31.898619,35.099667,22.895802,20.626658,23.848901,907.024939,887.411946,922.619278
LND,16880,5,lnd,lnd,4,shortest,300,68.528628,67.189255,69.754127,55.526068,53.927331,57.460522,600.839356,582.088963,615.917186
LND,16880,20,lnd,lnd,4,shortest,300,55.431237,54.360335,56.292474,41.166687,39.942296,43.186681,601.277207,564.398615,619.508280
LND,16880,40,lnd,lnd,4,shortest,300,40.582516,39.847626,42.182229,27.266884,25.867320,28.671228,591.879717,564.088293,641.660174
LR,16880,5,lnd,lnd,4,shortest,300,39.176716,38.083769,40.141552,13.098318,12.357983,13.556442,1115.485521,1111.321948,1117.875356
LR,16880,20,lnd,lnd,4,shortest,300,31.596804,30.777614,32.600364,9.183171,8.560291,10.119351,1108.302508,1106.265833,1112.375443
LR,16880,40,lnd,lnd,4,shortest,300,21.035693,19.648078,23.647768,5.161919,4.728854,6.225003,1098.363637,1090.889655,1102.639255
SP,16880,5,lnd,lnd,4,shortest,300,7.653838,6.061876,9.488178,3.585855,2.504136,4.723859,3417.387759,3212.373412,3637.996204
SP,16880,20,lnd,lnd,4,shortest,300,7.409865,6.395828,8.528965,3.458016,2.848060,4.401904,3338.127225,3131.886898,3507.899870
SP,16880,40,lnd,lnd,4,shortest,300,6.752985,5.388232,7.668110,3.067431,2.265664,3.827331,3425.896699,3190.001373,3645.168440
DCTCP_qdelay,16880,5,lnd,lnd,4,widest,300,88.825749,87.813334,89.424687,75.691203,74.226667,76.670006,1260.653190,1246.628684,1276.058040
DCTCP_qdelay,16880,20,lnd,lnd,4,widest,300,67.961634,65.050672,69.223261,49.899616,46.479745,51.479567,1559.379929,1546.524394,1586.013366
DCTCP_qdelay,16880,40,lnd,lnd,4,widest,300,44.225046,42.276977,44.992339,29.639990,27.386047,30.545694,1806.106866,1795.558510,1833.666848
Circ,40,0,lnd,lnd,4,ideal,0,100.000000,100.000000,100.000000,100.000000,100.000000,100.000000,0,0,0
Circ,40,5,lnd,lnd,4,ideal,0,95.000000,95.000000,95.000000,95.000000,95.000000,95.000000,0,0,0
Circ,40,20,lnd,lnd,4,ideal,0,80.000000,80.000000,80.000000,80.000000,80.000000,80.000000,0,0,0
Circ,40,40,lnd,lnd,4,ideal,0,60.000000,60.000000,60.000000,60.000000,60.000000,60.000000,0,0,0
WF,4000,0,sw,lnd,4,widest,300,84.960388,83.217670,85.915032,68.563596,65.948170,69.766761,554.387097,548.545745,565.184194
WF,4000,5,sw,lnd,4,widest,300,82.233524,80.711014,84.209804,65.560014,63.635560,68.206698,558.406329,546.438574,566.721549
WF,4000,20,sw,lnd,4,widest,300,67.981302,66.396693,68.581708,51.244074,49.322856,52.000344,639.306935,626.753870,652.075524
WF,4000,40,sw,lnd,4,widest,300,50.593024,48.209174,54.011526,37.068953,34.864556,40.287514,689.123475,671.359234,703.982546
LND,4000,0,sw,lnd,4,shortest,300,58.260496,57.717552,59.104419,37.222713,36.645406,37.842571,455.863301,451.007369,459.031194
LND,4000,5,sw,lnd,4,shortest,300,58.810706,58.037320,59.466771,38.008979,37.105822,38.511290,451.225992,447.364595,455.967220
LND,4000,20,sw,lnd,4,shortest,300,53.800781,52.751067,55.429248,34.946062,33.863994,36.111311,436.987174,427.139765,447.477139
LND,4000,40,sw,lnd,4,shortest,300,43.158194,42.356776,44.143472,26.520134,25.640001,27.877594,427.212357,418.407549,439.492360
LR,4000,0,sw,lnd,4,shortest,300,36.717438,35.142207,37.858590,9.411007,8.237577,11.120146,758.632106,755.966017,763.070213
LR,4000,5,sw,lnd,4,shortest,300,37.311548,35.398433,38.615558,10.212388,8.434217,11.546063,758.935883,756.189064,762.091278
LR,4000,20,sw,lnd,4,shortest,300,32.732690,32.147800,34.007110,8.338555,7.630873,9.684735,756.100052,755.326752,757.990645
LR,4000,40,sw,lnd,4,shortest,300,23.790262,22.910814,24.767995,5.197646,4.837696,5.620046,753.976543,751.771521,757.313027
SP,4000,0,sw,lnd,4,shortest,300,23.083461,19.964885,27.291812,9.273671,7.817759,12.207677,3355.731753,3168.744701,3457.165634
SP,4000,5,sw,lnd,4,shortest,300,31.927213,28.544364,34.889228,12.915386,11.291230,14.743206,3265.307126,3150.971427,3349.307747
SP,4000,20,sw,lnd,4,shortest,300,31.414071,27.410996,33.724257,12.725452,10.351070,14.080812,3208.531511,3079.769555,3326.297914
SP,4000,40,sw,lnd,4,shortest,300,27.548986,25.400117,29.987746,10.910615,9.912323,12.434845,3238.123607,3042.591694,3366.996701
DCTCP_qdelay,4000,0,sw,lnd,4,widest,300,92.257034,90.265677,93.397788,82.129053,78.142698,84.265826,1095.329696,1081.495243,1128.915545
DCTCP_qdelay,4000,5,sw,lnd,4,widest,300,89.187234,88.120887,89.853879,77.123105,75.648989,78.193330,1262.135319,1245.116987,1281.923916
DCTCP_qdelay,4000,20,sw,lnd,4,widest,300,75.721823,74.135759,76.829719,61.360473,59.687650,62.649365,1462.177758,1443.029804,1484.407937
DCTCP_qdelay,4000,40,sw,lnd,4,widest,300,57.309593,54.816196,60.631935,44.705023,42.220132,48.400902,1604.861985,1565.185311,1627.929866
Circ,4000,0,sw,lnd,4,ideal,0,100.000000,100.000000,100.000000,100.000000,100.000000,100.000000,0,0,0
Circ,4000,5,sw,lnd,4,ideal,0,95.000000,95.000000,95.000000,95.000000,95.000000,95.000000,0,0,0
Circ,4000,20,sw,lnd,4,ideal,0,80.000000,80.000000,80.000000,80.000000,80.000000,80.000000,0,0,0
Circ,4000,40,sw,lnd,4,ideal,0,60.000000,60.000000,60.000000,60.000000,60.000000,60.000000,0,0,0
