values
870.0
4690.0
14000.0
250.0
300.0
250.0
1090.0
320.0
4460.0
1090.0
250.0
540.0
3270.0
2720.0
2180.0
540.0
420.0
250.0
250.0
750.0
1090.0
250.0
540.0
1080.0
270.0
5450.0
1630.0
250.0
10910.0
5450.0
1090.0
250.0
4690.0
1090.0
1090.0
1090.0
250.0
330.0
1090.0
540.0
5450.0
250.0
9550.0
2120.0
1090.0
250.0
430.0
250.0
2720.0
2180.0
350.0
270.0
540.0
10740.0
1740.0
540.0
1090.0
4360.0
430.0
250.0
18310.0
5450.0
250.0
3270.0
850.0
2180.0
18310.0
1110.0
430.0
5450.0
1080.0
5450.0
6060.0
18310.0
540.0
5450.0
10910.0
250.0
18310.0
10910.0
1630.0
250.0
430.0
4360.0
250.0
250.0
4360.0
5440.0
380.0
10910.0
1090.0
18310.0
1630.0
540.0
6550.0
250.0
1090.0
250.0
380.0
250.0
320.0
1090.0
760.0
250.0
2180.0
1090.0
2180.0
7320.0
430.0
650.0
4410.0
250.0
18310.0
380.0
4360.0
250.0
370.0
250.0
5450.0
18310.0
380.0
540.0
1190.0
17470.0
380.0
18310.0
540.0
2180.0
1960.0
1090.0
4740.0
2720.0
250.0
3270.0
3660.0
250.0
10910.0
250.0
250.0
18310.0
5450.0
500.0
270.0
18310.0
250.0
2720.0
4120.0
1090.0
1070.0
18310.0
3270.0
5450.0
1090.0
250.0
5450.0
10910.0
540.0
5450.0
350.0
710.0
250.0
6060.0
350.0
640.0
17470.0
2180.0
250.0
18310.0
430.0
18310.0
8730.0
2180.0
1630.0
12120.0
3270.0
10910.0
1090.0
1090.0
250.0
18310.0
1630.0
2720.0
18310.0
2720.0
5450.0
9820.0
540.0
3270.0
650.0
2180.0
2180.0
710.0
250.0
18010.0
250.0
13360.0
250.0
2200.0
10910.0
3270.0
2510.0
540.0
4360.0
480.0
480.0
18310.0
4360.0
2040.0
3270.0
1090.0
2720.0
2920.0
6550.0
1630.0
5450.0
2830.0
250.0
10910.0
10910.0
320.0
5450.0
420.0
320.0
2200.0
540.0
5450.0
9820.0
12120.0
6550.0
540.0
10910.0
5450.0
5450.0
2720.0
250.0
1090.0
18310.0
1840.0
360.0
10910.0
10910.0
18310.0
540.0
4450.0
250.0
8730.0
5450.0
5450.0
18310.0
250.0
680.0
540.0
6540.0
250.0
5970.0
10910.0
18010.0
18310.0
2180.0
510.0
250.0
18310.0
350.0
740.0
1090.0
