values
87.0
469.0
1400.0
25.0
30.0
25.0
109.0
32.0
446.0
109.0
25.0
54.0
327.0
272.0
218.0
54.0
42.0
25.0
25.0
75.0
109.0
25.0
54.0
108.0
27.0
545.0
163.0
25.0
1091.0
545.0
109.0
25.0
469.0
109.0
109.0
109.0
25.0
33.0
109.0
54.0
545.0
25.0
955.0
212.0
109.0
25.0
43.0
25.0
272.0
218.0
35.0
27.0
54.0
1074.0
174.0
54.0
109.0
436.0
43.0
25.0
1831.0
545.0
25.0
327.0
85.0
218.0
1831.0
111.0
43.0
545.0
108.0
545.0
606.0
1831.0
54.0
545.0
1091.0
25.0
1831.0
1091.0
163.0
25.0
43.0
436.0
25.0
25.0
436.0
544.0
38.0
1091.0
109.0
1831.0
163.0
54.0
655.0
25.0
109.0
25.0
38.0
25.0
32.0
109.0
76.0
25.0
218.0
109.0
218.0
732.0
43.0
65.0
441.0
25.0
1831.0
38.0
436.0
25.0
37.0
25.0
545.0
1831.0
38.0
54.0
119.0
1747.0
38.0
1831.0
54.0
218.0
196.0
109.0
474.0
272.0
25.0
327.0
366.0
25.0
1091.0
25.0
25.0
1831.0
545.0
50.0
27.0
1831.0
25.0
272.0
412.0
109.0
107.0
1831.0
327.0
545.0
109.0
25.0
545.0
1091.0
54.0
545.0
35.0
71.0
25.0
606.0
35.0
64.0
1747.0
218.0
25.0
1831.0
43.0
1831.0
873.0
218.0
163.0
1212.0
327.0
1091.0
109.0
109.0
25.0
1831.0
163.0
272.0
1831.0
272.0
545.0
982.0
54.0
327.0
65.0
218.0
218.0
71.0
25.0
1801.0
25.0
1336.0
25.0
220.0
1091.0
327.0
251.0
54.0
436.0
48.0
48.0
1831.0
436.0
204.0
327.0
109.0
272.0
292.0
655.0
163.0
545.0
283.0
25.0
1091.0
1091.0
32.0
545.0
42.0
32.0
220.0
54.0
545.0
982.0
1212.0
655.0
54.0
1091.0
545.0
545.0
272.0
25.0
109.0
1831.0
184.0
36.0
1091.0
1091.0
1831.0
54.0
445.0
25.0
873.0
545.0
545.0
1831.0
25.0
68.0
54.0
654.0
25.0
597.0
1091.0
1801.0
1831.0
218.0
51.0
25.0
1831.0
35.0
74.0
109.0
