Scheme,Credit,DAGAmt,Topo,CreditType,NumPaths,PathType,SchedulingAlg,Threshold,RebalancingRate,SuccRatio,SuccRatioMin,SuccRatioMax,SuccVolume,SuccVolumeMin,SuccVolumeMax,CompTime,CompTimeMin,CompTimeMax,RebalancingAmt,RebalancingAmtMin,RebalancingAmtMax,RebalancingNum,RebalancingNumMin,RebalancingNumMax
SP,16880,20,lnd,lnd,4,shortest,LIFO,75,10,79.420948,77.746605,80.712039,69.826435,68.411257,70.820726,554.271744,543.808972,567.460100,27137.332660,26732.400660,27488.133019,525.513377,515.923208,536.356604
SP,16880,20,lnd,lnd,4,shortest,LIFO,75,100,79.133622,78.428286,79.806741,69.580726,68.388036,70.393648,580.546936,552.220530,620.133693,22529.941132,21959.831604,22880.547170,286.860623,280.077453,291.162453
SP,16880,20,lnd,lnd,4,shortest,LIFO,75,1000,68.875134,59.258609,77.810292,57.326733,45.976164,68.208735,1088.614329,711.658287,1519.993304,11082.775377,9006.297075,13271.764623,52.181264,40.174434,63.885849
SP,16880,20,lnd,lnd,4,shortest,LIFO,75,10000,45.205304,43.456791,47.816643,32.227417,29.919777,34.947961,2058.529507,1954.084190,2168.134755,2590.438566,2462.863868,2834.783491,3.042415,2.868868,3.358491
SP,16880,20,lnd,lnd,4,shortest,LIFO,75,100000,29.329280,25.099022,34.126761,17.588271,13.835962,21.957003,2671.778410,2470.896200,2822.079391,408.284868,322.550849,520.479623,0.160283,0.120283,0.198113
LR,16880,20,lnd,lnd,4,shortest,LIFO,75,10,94.433654,94.369584,94.520403,80.029919,79.957597,80.113926,1152.315738,1148.988562,1158.411008,32456.803151,32058.580566,32776.421981,776.769849,766.756321,786.496415
LR,16880,20,lnd,lnd,4,shortest,LIFO,75,100,94.071035,94.018598,94.138544,79.491176,79.379018,79.553643,1152.539763,1149.430431,1158.739638,27409.908000,27061.041132,27696.034151,419.876151,413.811321,424.800283
LR,16880,20,lnd,lnd,4,shortest,LIFO,75,1000,92.154322,92.071446,92.260896,76.986898,76.821693,77.162641,1153.195885,1149.797140,1159.231399,17331.349868,17104.912075,17518.993962,85.260925,84.095283,86.012830
LR,16880,20,lnd,lnd,4,shortest,LIFO,75,10000,80.882472,80.499825,81.377074,64.219279,63.773644,64.811073,1153.724490,1150.754234,1159.664106,7429.266321,7297.620849,7549.554151,8.078792,7.932830,8.144340
LR,16880,20,lnd,lnd,4,shortest,LIFO,75,100000,50.205061,49.135843,51.448154,34.216986,32.887588,35.214332,1117.622249,1110.006866,1124.921548,1181.195623,1075.212075,1226.505472,0.412811,0.390377,0.424151
WF,16880,20,lnd,lnd,4,widest,LIFO,75,10,99.770461,99.729975,99.797175,98.931865,98.753210,99.061985,466.572038,463.484320,469.711024,32518.856245,32147.158113,32845.927830,804.799811,802.018113,808.187736
WF,16880,20,lnd,lnd,4,widest,LIFO,75,100,99.765168,99.719266,99.790902,98.902138,98.732255,99.037994,465.755653,462.409286,468.918083,27776.288585,27457.756226,28066.263679,456.418491,453.649151,458.166038
WF,16880,20,lnd,lnd,4,widest,LIFO,75,1000,99.664740,99.604677,99.703111,98.670007,98.492382,98.807214,464.103791,461.039002,467.062932,17681.691094,17495.263396,17916.193113,95.047736,93.971698,95.650943
WF,16880,20,lnd,lnd,4,widest,LIFO,75,10000,95.084080,94.477845,95.772940,92.362883,91.652263,93.093338,519.586237,515.104604,527.319408,7578.123019,7420.244528,7696.132642,9.241245,9.073585,9.340566
WF,16880,20,lnd,lnd,4,widest,LIFO,75,100000,83.270676,81.050818,85.157963,76.505987,73.783322,78.689099,624.407169,615.078670,640.167677,2311.528585,2217.196792,2410.261321,0.757736,0.723585,0.773585
LND,16880,20,lnd,lnd,4,shortest,LIFO,75,10,84.953231,84.274443,85.919927,80.210363,79.366697,81.186998,375.447159,370.454483,378.515294,23728.440774,23298.723113,24125.440472,391.913038,382.539906,400.264151
LND,16880,20,lnd,lnd,4,shortest,LIFO,75,100,84.914226,84.186065,85.735772,80.129146,79.279402,80.940920,375.754572,370.591750,378.739965,20369.969415,20018.483019,20668.852736,217.550925,212.278113,221.541509
LND,16880,20,lnd,lnd,4,shortest,LIFO,75,1000,84.204192,83.602058,85.032604,79.136262,78.329051,79.941711,377.123310,372.316219,380.166812,13478.722170,13251.382264,13672.186698,51.845585,50.651604,52.786132
LND,16880,20,lnd,lnd,4,shortest,LIFO,75,10000,71.930539,70.770679,73.197200,66.860362,65.789031,68.154481,386.879753,381.761176,389.285117,5674.709906,5564.511038,5820.253774,5.488755,5.352830,5.622642
LND,16880,20,lnd,lnd,4,shortest,LIFO,75,100000,64.696097,63.729742,65.697148,56.784687,55.720637,57.673442,410.964538,405.393762,415.039856,1667.449226,1632.621038,1721.075849,0.504151,0.488113,0.511321
DCTCP_qdelay,16880,20,lnd,lnd,4,widest,LIFO,75,10,99.999879,99.999701,100.000000,99.999758,99.999486,100.000000,585.575518,583.570970,587.447550,31668.700679,31414.243113,32013.697547,1461.661396,1446.575472,1471.488019
DCTCP_qdelay,16880,20,lnd,lnd,4,widest,LIFO,75,100,99.999879,99.999847,100.000000,99.999652,99.999493,100.000000,585.648595,583.764091,587.480984,25224.634887,25046.464906,25516.584717,645.686302,638.018868,650.375377
DCTCP_qdelay,16880,20,lnd,lnd,4,widest,LIFO,75,1000,99.998242,99.995869,99.999696,99.991075,99.981566,99.999498,586.886874,584.681567,588.499618,14491.284925,14344.252358,14715.910283,101.702094,100.604434,102.595283
DCTCP_qdelay,16880,20,lnd,lnd,4,widest,LIFO,75,10000,98.555407,98.216626,98.980137,96.473997,95.870711,97.295661,672.180700,665.221543,684.820646,6435.747509,6344.998208,6510.955189,9.652849,9.507547,9.745283
DCTCP_qdelay,16880,20,lnd,lnd,4,widest,LIFO,75,100000,90.082847,88.539310,91.486532,80.545182,77.967900,82.456387,1079.556143,1055.624140,1103.627812,2342.472340,2241.355849,2433.860472,0.751811,0.718868,0.771698
