Topo,CreditType,Scheme,Credit,SizeStart,SizeEnd,Point,AvgCompTime,TailCompTime90,TailCompTime99,Demand
lnd,lnd,LND,40,5.000000,5.000000,5.000000,522.358923,784.853100,1280.723400,30.000000
lnd,lnd,LND,40,5.000000,10.000000,7.071068,537.428947,822.281400,1439.302600,30.000000
lnd,lnd,LND,40,10.000000,15.000000,12.247449,547.953650,846.256800,1549.656000,30.000000
lnd,lnd,LND,40,15.000000,25.000000,19.364917,560.986548,879.712400,1673.193900,30.000000
lnd,lnd,LND,40,25.000000,41.000000,32.015621,582.000081,935.975600,1885.376800,30.000000
lnd,lnd,LND,40,41.000000,82.000000,57.982756,617.213893,1033.809000,2215.047700,30.000000
lnd,lnd,LND,40,82.000000,164.000000,115.965512,679.299189,1208.990000,2824.552400,30.000000
lnd,lnd,LND,40,164.000000,3930.000000,802.820030,853.804065,1731.952000,4352.418800,30.000000
lnd,lnd,DCTCP_qdelay,40,5.000000,5.000000,5.000000,852.062977,1510.445000,2760.509000,30.000000
lnd,lnd,DCTCP_qdelay,40,5.000000,10.000000,7.071068,897.909134,1602.873000,2955.113000,30.000000
lnd,lnd,DCTCP_qdelay,40,10.000000,15.000000,12.247449,925.736102,1666.916000,3098.764400,30.000000
lnd,lnd,DCTCP_qdelay,40,15.000000,25.000000,19.364917,952.872118,1729.680000,3260.176700,30.000000
lnd,lnd,DCTCP_qdelay,40,25.000000,41.000000,32.015621,990.485939,1816.790000,3442.271200,30.000000
lnd,lnd,DCTCP_qdelay,40,41.000000,82.000000,57.982756,1056.077186,1968.760000,3839.264000,30.000000
lnd,lnd,DCTCP_qdelay,40,82.000000,164.000000,115.965512,1166.057158,2248.148000,4333.599200,30.000000
lnd,lnd,DCTCP_qdelay,40,164.000000,3930.000000,802.820030,1588.730434,3326.088000,5113.159600,30.000000
lnd,lnd,WF,40,5.000000,5.000000,5.000000,562.577324,972.348400,2309.059100,30.000000
lnd,lnd,WF,40,5.000000,10.000000,7.071068,576.329036,987.359000,2694.157200,30.000000
lnd,lnd,WF,40,10.000000,15.000000,12.247449,581.374713,982.792000,2999.524000,30.000000
lnd,lnd,WF,40,15.000000,25.000000,19.364917,580.825146,971.174400,3109.475400,30.000000
lnd,lnd,WF,40,25.000000,41.000000,32.015621,576.547973,965.845000,2968.630000,30.000000
lnd,lnd,WF,40,41.000000,82.000000,57.982756,575.408385,996.178000,2553.215000,30.000000
lnd,lnd,WF,40,82.000000,164.000000,115.965512,589.796797,1068.823000,2480.077300,30.000000
lnd,lnd,WF,40,164.000000,3930.000000,802.820030,655.292677,1286.250000,2777.855000,30.000000
lnd,lnd,LR,40,5.000000,5.000000,5.000000,1141.574238,1450.700000,1815.200000,30.000000
lnd,lnd,LR,40,5.000000,10.000000,7.071068,1141.360155,1451.820000,1813.950000,30.000000
lnd,lnd,LR,40,10.000000,15.000000,12.247449,1140.696591,1451.350000,1818.660000,30.000000
lnd,lnd,LR,40,15.000000,25.000000,19.364917,1141.065559,1452.410000,1818.660000,30.000000
lnd,lnd,LR,40,25.000000,41.000000,32.015621,1140.271115,1453.468000,1815.200000,30.000000
lnd,lnd,LR,40,41.000000,82.000000,57.982756,1136.565695,1448.290000,1813.470000,30.000000
lnd,lnd,LR,40,82.000000,164.000000,115.965512,1131.140627,1443.442000,1809.350000,30.000000
lnd,lnd,LR,40,164.000000,3930.000000,802.820030,1113.547679,1414.574000,1768.760000,30.000000
lnd,lnd,SP,40,5.000000,5.000000,5.000000,3659.992194,5096.280000,5260.754000,30.000000
lnd,lnd,SP,40,5.000000,10.000000,7.071068,3616.826391,5083.898000,5257.584000,30.000000
lnd,lnd,SP,40,10.000000,15.000000,12.247449,3574.207630,5095.501000,5259.656500,30.000000
lnd,lnd,SP,40,15.000000,25.000000,19.364917,3534.145278,5089.258000,5255.215500,30.000000
lnd,lnd,SP,40,25.000000,41.000000,32.015621,3481.084331,5087.506000,5260.399600,30.000000
lnd,lnd,SP,40,41.000000,82.000000,57.982756,3410.262184,5084.245000,5258.487400,30.000000
lnd,lnd,SP,40,82.000000,164.000000,115.965512,3248.324546,5077.379000,5255.631100,30.000000
lnd,lnd,SP,40,164.000000,3930.000000,802.820030,2883.298537,5068.195000,5255.277800,30.000000
