Scheme,Credit,DAGAmt,Topo,CreditType,NumPaths,PathType,Threshold,SuccRatio,SuccRatioMin,SuccRatioMax,SuccVolume,SuccVolumeMin,SuccVolumeMax,CompTime,CompTimeMin,CompTimeMax
WF,16880,0,lnd,lnd,4,widest,None,85.891914,83.454517,88.971692,75.961251,72.617576,80.367860,617.295301,565.696051,647.397517
LND,16880,0,lnd,lnd,4,shortest,None,69.742757,68.097791,70.475476,57.463435,55.019803,58.688014,600.790702,578.158358,630.005764
LR,16880,0,lnd,lnd,4,shortest,None,39.339293,38.239839,40.387834,12.926237,11.763386,13.904097,1115.466821,1110.974506,1118.171896
SP,16880,0,lnd,lnd,4,shortest,None,3.209430,1.815221,5.217531,1.379188,0.767681,2.317065,3585.979226,3427.256197,3903.040706
DCTCP_qdelay,16880,0,lnd,lnd,4,widest,None,95.320543,94.413062,95.897276,87.925569,85.814254,89.146440,1028.977127,1006.978523,1057.131979
WF,16880,5,lnd,lnd,4,widest,300,78.468900,77.058389,80.518022,65.396958,63.899877,68.005082,662.874542,648.354683,673.702372
WF,16880,20,lnd,lnd,4,widest,300,54.852855,52.418138,56.794429,39.924016,37.397399,41.883749,799.580328,782.011451,817.542085
WF,16880,40,lnd,lnd,4,widest,300,34.129237,31.898619,35.099667,22.895802,20.626658,23.848901,907.024939,887.411946,922.619278
LND,16880,5,lnd,lnd,4,shortest,300,68.528628,67.189255,69.754127,55.526068,53.927331,57.460522,600.839356,582.088963,615.917186
LND,16880,20,lnd,lnd,4,shortest,300,55.431237,54.360335,56.292474,41.166687,39.942296,43.186681,601.277207,564.398615,619.508280
LND,16880,40,lnd,lnd,4,shortest,300,40.582516,39.847626,42.182229,27.266884,25.867320,28.671228,591.879717,564.088293,641.660174
LR,16880,5,lnd,lnd,4,shortest,300,39.176716,38.083769,40.141552,13.098318,12.357983,13.556442,1115.485521,1111.321948,1117.875356
LR,16880,20,lnd,lnd,4,shortest,300,31.596804,30.777614,32.600364,9.183171,8.560291,10.119351,1108.302508,1106.265833,1112.375443
LR,16880,40,lnd,lnd,4,shortest,300,21.035693,19.648078,23.647768,5.161919,4.728854,6.225003,1098.363637,1090.889655,1102.639255
SP,16880,5,lnd,lnd,4,shortest,300,7.653838,6.061876,9.488178,3.585855,2.504136,4.723859,3417.387759,3212.373412,3637.996204
SP,16880,20,lnd,lnd,4,shortest,300,7.409865,6.395828,8.528965,3.458016,2.848060,4.401904,3338.127225,3131.886898,3507.899870
SP,16880,40,lnd,lnd,4,shortest,300,6.752985,5.388232,7.668110,3.067431,2.265664,3.827331,3425.896699,3190.001373,3645.168440
DCTCP_qdelay,16880,5,lnd,lnd,4,widest,300,88.825749,87.813334,89.424687,75.691203,74.226667,76.670006,1260.653190,1246.628684,1276.058040
DCTCP_qdelay,16880,20,lnd,lnd,4,widest,300,67.961634,65.050672,69.223261,49.899616,46.479745,51.479567,1559.379929,1546.524394,1586.013366
DCTCP_qdelay,16880,40,lnd,lnd,4,widest,300,44.225046,42.276977,44.992339,29.639990,27.386047,30.545694,1806.106866,1795.558510,1833.666848
Circ,40,0,lnd,lnd,4,ideal,0,100.000000,100.000000,100.000000,100.000000,100.000000,100.000000,0,0,0
Circ,40,5,lnd,lnd,4,ideal,0,95.000000,95.000000,95.000000,95.000000,95.000000,95.000000,0,0,0
Circ,40,20,lnd,lnd,4,ideal,0,80.000000,80.000000,80.000000,80.000000,80.000000,80.000000,0,0,0
Circ,40,40,lnd,lnd,4,ideal,0,60.000000,60.000000,60.000000,60.000000,60.000000,60.000000,0,0,0
