Scheme,Credit,DAGAmt,NumPaths,PathType,Threshold,SuccRatio,SuccRatioMin,SuccRatioMax,SuccVolume,SuccVolumeMin,SuccVolumeMax,CompTime,CompTimeMin,CompTimeMax
DCTCP_qdelay,104000,0,4,shortest,None,94.661634,94.201342,95.121926,88.356250,87.427034,89.285465,800.432057,780.962093,819.902021
DCTCP_qdelay,104000,5,4,shortest,None,89.990508,89.431580,90.549436,79.779360,78.968914,80.589806,1042.161079,1017.870599,1066.451559
DCTCP_qdelay,104000,20,4,shortest,None,66.854129,65.426046,68.282213,50.770140,49.591542,51.948737,1386.359091,1365.174504,1407.543678
DCTCP_qdelay,104000,40,4,shortest,None,42.040474,39.906172,44.174776,29.759976,28.294645,31.225307,1631.002477,1600.028973,1661.975982
LND,104000,0,4,shortest,None,80.473348,79.265765,81.680931,74.794799,73.255140,76.334458,-2026.810447,-2072.020941,-1981.599952
LND,104000,5,4,shortest,None,79.182596,76.530617,81.834575,70.608812,67.666125,73.551500,369.446065,360.233140,378.658990
LND,104000,20,4,shortest,None,63.931368,62.083741,65.778995,52.365345,51.298852,53.431838,405.814719,373.638203,437.991235
LND,104000,40,4,shortest,None,45.869445,43.702190,48.036699,33.515182,31.900224,35.130139,441.090338,429.000277,453.180400
PS,104000,0,4,shortest,None,89.582041,89.582041,89.582041,71.472829,71.472829,71.472829,822.393962,822.393962,822.393962
PS,104000,5,4,shortest,None,85.973192,85.973192,85.973192,64.805828,64.805828,64.805828,976.335653,976.335653,976.335653
PS,104000,20,4,shortest,None,68.677382,68.677382,68.677382,47.354605,47.354605,47.354605,1353.828921,1353.828921,1353.828921
PS,104000,40,4,shortest,None,46.886245,46.886245,46.886245,30.684780,30.684780,30.684780,1640.094174,1640.094174,1640.094174
Circ,104000,0,4,ideal,0,100.000000,100.000000,100.000000,100.000000,100.000000,100.000000,0,0,0
Circ,104000,5,4,ideal,0,95.000000,95.000000,95.000000,95.000000,95.000000,95.000000,0,0,0
Circ,104000,20,4,ideal,0,80.000000,80.000000,80.000000,80.000000,80.000000,80.000000,0,0,0
Circ,104000,40,4,ideal,0,60.000000,60.000000,60.000000,60.000000,60.000000,60.000000,0,0,0
