Scheme,Credit,SizeStart,SizeEnd,Point,Prob,Demand
WF,3200,5.000000,5.000000,5.000000,0.953791,30.000000
WF,3200,5.000000,10.000000,7.071068,0.942113,30.000000
WF,3200,10.000000,15.000000,12.247449,0.933374,30.000000
WF,3200,15.000000,25.000000,19.364917,0.923900,30.000000
WF,3200,25.000000,41.000000,32.015621,0.910275,30.000000
WF,3200,41.000000,82.000000,57.982756,0.889082,30.000000
WF,3200,82.000000,164.000000,115.965512,0.854509,30.000000
WF,3200,164.000000,3930.000000,802.820030,0.688512,30.000000
LND,3200,5.000000,5.000000,5.000000,0.504007,30.000000
LND,3200,5.000000,10.000000,7.071068,0.499280,30.000000
LND,3200,10.000000,15.000000,12.247449,0.495328,30.000000
LND,3200,15.000000,25.000000,19.364917,0.491225,30.000000
LND,3200,25.000000,41.000000,32.015621,0.484021,30.000000
LND,3200,41.000000,82.000000,57.982756,0.472993,30.000000
LND,3200,82.000000,164.000000,115.965512,0.451618,30.000000
LND,3200,164.000000,3930.000000,802.820030,0.355389,30.000000
DCTCP_qdelay,3200,5.000000,5.000000,5.000000,0.991659,30.000000
DCTCP_qdelay,3200,5.000000,10.000000,7.071068,0.987740,30.000000
DCTCP_qdelay,3200,10.000000,15.000000,12.247449,0.984507,30.000000
DCTCP_qdelay,3200,15.000000,25.000000,19.364917,0.980702,30.000000
DCTCP_qdelay,3200,25.000000,41.000000,32.015621,0.973655,30.000000
DCTCP_qdelay,3200,41.000000,82.000000,57.982756,0.960195,30.000000
DCTCP_qdelay,3200,82.000000,164.000000,115.965512,0.930008,30.000000
DCTCP_qdelay,3200,164.000000,3930.000000,802.820030,0.780768,30.000000
LR,3200,5.000000,5.000000,5.000000,0.771414,30.000000
LR,3200,5.000000,10.000000,7.071068,0.720433,30.000000
LR,3200,10.000000,15.000000,12.247449,0.679139,30.000000
LR,3200,15.000000,25.000000,19.364917,0.629885,30.000000
LR,3200,25.000000,41.000000,32.015621,0.560606,30.000000
LR,3200,41.000000,82.000000,57.982756,0.454960,30.000000
LR,3200,82.000000,164.000000,115.965512,0.313601,30.000000
LR,3200,164.000000,3930.000000,802.820030,0.120881,30.000000
SP,3200,5.000000,5.000000,5.000000,0.404832,30.000000
SP,3200,5.000000,10.000000,7.071068,0.379122,30.000000
SP,3200,10.000000,15.000000,12.247449,0.358681,30.000000
SP,3200,15.000000,25.000000,19.364917,0.336040,30.000000
SP,3200,25.000000,41.000000,32.015621,0.305220,30.000000
SP,3200,41.000000,82.000000,57.982756,0.258550,30.000000
SP,3200,82.000000,164.000000,115.965512,0.190933,30.000000
SP,3200,164.000000,3930.000000,802.820030,0.083799,30.000000
