Scheme,Credit,NumPaths,PathType,Threshold,SuccRatio,SuccRatioMin,SuccRatioMax,SuccVolume,SuccVolumeMin,SuccVolumeMax,CompTime,CompTimeMin,CompTimeMax
DCTCP_qdelay,400,4,shortest,None,53.365250,51.870996,54.736750,32.220213,31.049948,33.950169,1360.061913,1346.195449,1369.785338
WF,400,4,shortest,None,36.922937,36.289641,38.044035,19.368511,18.640047,20.338838,667.302017,656.659653,683.856991
LND,400,4,shortest,None,9.229968,8.957045,9.699825,2.280810,2.181492,2.386971,-506.515764,-515.285287,-500.417530
LR,400,4,shortest,None,22.167413,21.751894,22.797592,3.632179,3.465065,3.821245,-92.892337,-114.755725,-76.183593
SP,400,4,shortest,None,1.403563,0.438260,2.246246,0.390692,0.124483,0.808133,4175.978420,3435.753820,4580.902249
DCTCP_qdelay,800,4,shortest,None,73.440639,71.978909,74.574447,52.798835,51.070793,54.359289,1249.744191,1235.640054,1263.770988
WF,800,4,shortest,None,51.746988,51.030006,52.992117,32.152008,31.396920,33.467192,620.460224,610.364378,631.623120
LND,800,4,shortest,None,16.150267,15.584402,16.732361,5.896417,5.615844,6.073734,-910.931941,-940.323425,-885.810462
LR,800,4,shortest,None,32.057792,31.537524,32.842695,6.845690,6.639288,7.177918,-180.285213,-193.204202,-167.293672
SP,800,4,shortest,None,2.993842,1.279439,4.063769,0.888317,0.330328,1.497246,3990.160727,3467.678560,4263.655061
DCTCP_qdelay,1600,4,shortest,None,87.321201,86.860495,87.939812,72.192052,71.441702,72.671501,1126.139944,1118.083428,1136.460579
WF,1600,4,shortest,None,67.846461,67.200771,68.840573,49.454778,48.544738,50.792913,557.932638,549.774242,565.413354
LND,1600,4,shortest,None,28.343298,27.391697,29.028473,14.668610,14.176291,15.032693,-1451.941490,-1503.126203,-1412.403224
LR,1600,4,shortest,None,42.343707,41.750746,43.305978,11.966793,11.567215,12.392329,-300.075719,-317.367319,-281.474936
SP,1600,4,shortest,None,8.078277,4.090479,11.290197,2.591576,1.266929,3.408107,3898.929087,3641.529623,4003.892984
DCTCP_qdelay,3200,4,shortest,None,93.729725,93.254044,94.009859,83.921794,83.047645,84.398867,1019.282511,1013.195779,1028.611965
WF,3200,4,shortest,None,81.918425,81.572387,82.477911,67.843309,67.073839,68.850207,486.514924,476.459833,493.238540
LND,3200,4,shortest,None,48.520789,47.690893,49.166222,33.986668,33.236118,34.629940,-2058.571532,-2138.889551,-2007.015164
LR,3200,4,shortest,None,51.599380,51.026497,52.090701,19.103489,18.650835,19.861632,-446.447710,-460.398180,-423.660562
SP,3200,4,shortest,None,21.093059,12.213810,27.117137,8.305783,4.293947,11.117471,3655.095160,3530.172702,3808.766104
DCTCP_qdelay,6400,4,shortest,None,96.317616,96.187737,96.520824,90.069959,89.795798,90.414980,935.333212,926.353445,942.815137
WF,6400,4,shortest,None,90.279597,89.706523,90.736544,81.180972,80.260890,81.803715,424.076229,421.250288,431.147097
LND,6400,4,shortest,None,75.257803,73.654312,77.129453,65.717885,63.542497,67.834637,-2330.895293,-2384.817105,-2269.965070
LR,6400,4,shortest,None,58.867660,58.168561,59.961717,26.926901,25.708004,27.826564,-590.880578,-603.727615,-580.330154
SP,6400,4,shortest,None,45.069270,36.478256,49.210219,23.299941,16.892968,26.024099,3179.995495,3100.946076,3391.460930
DCTCP_qdelay,12800,4,shortest,None,98.167991,97.967764,98.355005,94.636384,94.043161,95.316111,850.642584,821.961622,865.565719
WF,12800,4,shortest,None,95.618986,95.360745,96.012041,90.688447,90.167189,91.465488,373.988555,368.230924,376.669076
LND,12800,4,shortest,None,92.973399,92.271304,93.926765,89.259580,87.669452,90.783096,-1991.002994,-2090.181278,-1871.389046
LR,12800,4,shortest,None,62.502754,62.316472,62.803463,32.306017,31.576129,32.934865,-712.388540,-735.051167,-672.834474
SP,12800,4,shortest,None,59.318166,52.266121,63.356947,35.600149,28.677016,38.966057,2794.719164,2707.961936,3000.186095
