Scheme,Credit,NumPaths,PathType,Threshold,SuccRatio,SuccRatioMin,SuccRatioMax,SuccVolume,SuccVolumeMin,SuccVolumeMax,CompTime,CompTimeMin,CompTimeMax
DCTCP_qdelay,650,4,shortest,None,16.209381,13.824849,18.230182,10.951059,8.533151,12.567456,1300.980141,1272.813388,1361.696719
LND,650,4,shortest,None,5.795959,5.437423,6.139035,2.091260,1.782261,2.316865,-2050.775742,-2158.707190,-1896.447898
LR,650,4,shortest,None,12.958096,12.256314,14.182600,3.698511,3.146852,4.577241,-392.707692,-442.917543,-334.235276
SP,650,4,shortest,None,0.526469,0.266779,0.796902,0.257790,0.068879,0.415048,3272.806157,2009.262290,4613.999848
PS,650,4,shortest,None,22.594563,18.854419,26.334707,14.480028,11.800246,17.159811,878.119055,828.581870,927.656239
DCTCP_qdelay,3250,4,shortest,None,36.904165,34.278360,38.623719,26.216419,23.110453,28.663654,1231.759818,1193.210815,1277.752440
LND,3250,4,shortest,None,23.981088,22.964071,24.905929,14.959782,14.120210,15.954370,-4630.572653,-4823.065626,-4409.745721
LR,3250,4,shortest,None,25.828539,24.841204,27.043336,9.888135,8.581400,11.072964,-560.991895,-598.620384,-530.977735
SP,3250,4,shortest,None,1.277660,0.583604,1.868073,0.651312,0.432754,0.889651,2899.371602,2271.979305,3829.664358
PS,3250,4,shortest,None,45.194089,43.839978,46.548200,29.383553,26.594754,32.172353,805.720565,798.700425,812.740706
DCTCP_qdelay,6500,4,shortest,None,48.824013,46.898590,50.380116,35.501773,32.792604,37.263279,1214.155813,1179.452627,1249.963984
LND,6500,4,shortest,None,37.275989,35.967379,38.091666,26.362504,24.985991,27.240404,-5165.264774,-5329.007234,-4926.250407
LR,6500,4,shortest,None,32.328408,31.381355,33.532376,12.954203,11.367528,14.255681,-599.177226,-639.155922,-552.476520
SP,6500,4,shortest,None,2.247918,0.971399,3.449821,1.045856,0.571439,1.544694,3223.140597,2736.446019,3687.965176
PS,6500,4,shortest,None,54.427983,52.429923,56.426043,36.316519,32.976734,39.656304,823.711720,817.384329,830.039111
DCTCP_qdelay,13000,4,shortest,None,62.090848,61.216462,63.132301,47.264741,45.937364,47.910183,1143.207068,1128.136477,1158.464460
LND,13000,4,shortest,None,49.262735,47.833784,49.982138,37.336025,35.467402,38.322244,-4583.922518,-4947.576835,-4248.687440
LR,13000,4,shortest,None,38.606526,37.365548,39.379258,15.644768,13.884772,16.974984,-623.249947,-681.560488,-548.959431
SP,13000,4,shortest,None,3.876598,0.924756,5.768258,1.870340,0.597606,3.045849,3206.629105,2596.849408,3474.456810
PS,13000,4,shortest,None,63.845868,61.301635,66.390100,43.768987,39.758267,47.779708,845.375988,826.162288,864.589688
DCTCP_qdelay,26000,4,shortest,None,75.565294,73.753116,77.745925,61.370994,58.709370,63.842444,1062.208507,1030.767490,1105.591082
LND,26000,4,shortest,None,61.712362,61.136076,62.492558,50.730634,49.275458,51.526403,-3581.804752,-4111.932837,-3195.142196
LR,26000,4,shortest,None,45.524151,44.598976,46.293736,19.206457,17.615692,21.074796,-632.960441,-661.714523,-589.297329
SP,26000,4,shortest,None,6.351900,3.358030,7.654741,3.080666,1.340598,4.038481,3352.124474,3210.147606,3541.921285
PS,26000,4,shortest,None,76.570444,76.570444,76.570444,56.828571,56.828571,56.828571,838.578041,838.578041,838.578041
DCTCP_qdelay,52000,4,shortest,None,87.038659,84.547140,89.082687,76.126530,72.697975,79.175108,949.553231,910.980821,984.905638
LND,52000,4,shortest,None,72.768819,72.001698,73.855955,63.898867,62.094708,66.059469,-2546.899538,-2783.560530,-2320.439482
LR,52000,4,shortest,None,51.989663,51.208641,52.953314,23.455052,22.160840,25.661494,-667.772164,-718.235300,-616.391749
SP,52000,4,shortest,None,10.889627,5.395389,12.813471,5.707231,2.077902,6.910391,3178.357188,2940.801993,3667.485280
PS,52000,4,shortest,None,84.978589,84.978589,84.978589,65.774584,65.774584,65.774584,836.716941,836.716941,836.716941
DCTCP_qdelay,104000,4,shortest,None,94.487324,93.823329,95.121926,88.079897,86.984395,89.285465,805.955666,779.007318,826.020603
LND,104000,4,shortest,None,81.215033,79.265765,82.040575,76.146952,73.255140,77.364414,-1889.387772,-2072.020941,-1730.684010
LR,104000,4,shortest,None,57.914178,56.837711,58.603478,28.809416,27.317863,30.586612,-738.573658,-783.854012,-697.690667
SP,104000,4,shortest,None,20.289292,18.632177,21.824801,11.705135,10.011949,12.985813,2904.210681,2752.732802,3071.901906
PS,104000,4,shortest,None,89.582041,89.582041,89.582041,71.472829,71.472829,71.472829,822.393962,822.393962,822.393962
