Scheme,Credit,SizeStart,SizeEnd,Point,Prob,Demand
LND,40,5.000000,5.000000,5.000000,0.652371,30.000000
LND,40,5.000000,10.000000,7.071068,0.644234,30.000000
LND,40,10.000000,15.000000,12.247449,0.638098,30.000000
LND,40,15.000000,25.000000,19.364917,0.631124,30.000000
LND,40,25.000000,41.000000,32.015621,0.624054,30.000000
LND,40,41.000000,82.000000,57.982756,0.612094,30.000000
LND,40,82.000000,164.000000,115.965512,0.594664,30.000000
LND,40,164.000000,3930.000000,802.820030,0.520895,30.000000
DCTCP_qdelay,40,5.000000,5.000000,5.000000,0.718583,30.000000
DCTCP_qdelay,40,5.000000,10.000000,7.071068,0.684722,30.000000
DCTCP_qdelay,40,10.000000,15.000000,12.247449,0.660062,30.000000
DCTCP_qdelay,40,15.000000,25.000000,19.364917,0.633449,30.000000
DCTCP_qdelay,40,25.000000,41.000000,32.015621,0.601719,30.000000
DCTCP_qdelay,40,41.000000,82.000000,57.982756,0.555115,30.000000
DCTCP_qdelay,40,82.000000,164.000000,115.965512,0.492616,30.000000
DCTCP_qdelay,40,164.000000,3930.000000,802.820030,0.367497,30.000000
LR,40,5.000000,5.000000,5.000000,0.697057,30.000000
LR,40,5.000000,10.000000,7.071068,0.612006,30.000000
LR,40,10.000000,15.000000,12.247449,0.550750,30.000000
LR,40,15.000000,25.000000,19.364917,0.488973,30.000000
LR,40,25.000000,41.000000,32.015621,0.416498,30.000000
LR,40,41.000000,82.000000,57.982756,0.330063,30.000000
LR,40,82.000000,164.000000,115.965512,0.237219,30.000000
LR,40,164.000000,3930.000000,802.820030,0.121924,30.000000
SP,40,5.000000,5.000000,5.000000,0.087894,30.000000
SP,40,5.000000,10.000000,7.071068,0.079012,30.000000
SP,40,10.000000,15.000000,12.247449,0.073883,30.000000
SP,40,15.000000,25.000000,19.364917,0.069092,30.000000
SP,40,25.000000,41.000000,32.015621,0.062609,30.000000
SP,40,41.000000,82.000000,57.982756,0.053687,30.000000
SP,40,82.000000,164.000000,115.965512,0.042617,30.000000
SP,40,164.000000,3930.000000,802.820030,0.025023,30.000000
PS,40,5.000000,5.000000,5.000000,0.922085,30.000000
PS,40,5.000000,10.000000,7.071068,0.887915,30.000000
PS,40,10.000000,15.000000,12.247449,0.865511,30.000000
PS,40,15.000000,25.000000,19.364917,0.837561,30.000000
PS,40,25.000000,41.000000,32.015621,0.795310,30.000000
PS,40,41.000000,82.000000,57.982756,0.733093,30.000000
PS,40,82.000000,164.000000,115.965512,0.636957,30.000000
PS,40,164.000000,3930.000000,802.820030,0.358110,30.000000
DCTCP_qdelay_widest,40,5.000000,5.000000,5.000000,0.952178,30.000000
DCTCP_qdelay_widest,40,5.000000,10.000000,7.071068,0.932479,30.000000
DCTCP_qdelay_widest,40,10.000000,15.000000,12.247449,0.917644,30.000000
DCTCP_qdelay_widest,40,15.000000,25.000000,19.364917,0.900764,30.000000
DCTCP_qdelay_widest,40,25.000000,41.000000,32.015621,0.876312,30.000000
DCTCP_qdelay_widest,40,41.000000,82.000000,57.982756,0.839142,30.000000
DCTCP_qdelay_widest,40,82.000000,164.000000,115.965512,0.782440,30.000000
DCTCP_qdelay_widest,40,164.000000,3930.000000,802.820030,0.635221,30.000000
