Scheme,Credit,SizeStart,SizeEnd,Point,Prob,Demand
WF,3200,5.000000,5.000000,5.000000,0.914643,30.000000
WF,3200,5.000000,10.000000,7.071068,0.893289,30.000000
WF,3200,10.000000,15.000000,12.247449,0.878831,30.000000
WF,3200,15.000000,25.000000,19.364917,0.862187,30.000000
WF,3200,25.000000,41.000000,32.015621,0.843491,30.000000
WF,3200,41.000000,82.000000,57.982756,0.810410,30.000000
WF,3200,82.000000,164.000000,115.965512,0.755514,30.000000
WF,3200,164.000000,3930.000000,802.820030,0.545186,30.000000
LND,3200,5.000000,5.000000,5.000000,0.524844,30.000000
LND,3200,5.000000,10.000000,7.071068,0.519454,30.000000
LND,3200,10.000000,15.000000,12.247449,0.511825,30.000000
LND,3200,15.000000,25.000000,19.364917,0.508347,30.000000
LND,3200,25.000000,41.000000,32.015621,0.499004,30.000000
LND,3200,41.000000,82.000000,57.982756,0.485819,30.000000
LND,3200,82.000000,164.000000,115.965512,0.460352,30.000000
LND,3200,164.000000,3930.000000,802.820030,0.353117,30.000000
DCTCP_qdelay,3200,5.000000,5.000000,5.000000,0.988606,30.000000
DCTCP_qdelay,3200,5.000000,10.000000,7.071068,0.982723,30.000000
DCTCP_qdelay,3200,10.000000,15.000000,12.247449,0.978800,30.000000
DCTCP_qdelay,3200,15.000000,25.000000,19.364917,0.972892,30.000000
DCTCP_qdelay,3200,25.000000,41.000000,32.015621,0.963511,30.000000
DCTCP_qdelay,3200,41.000000,82.000000,57.982756,0.945414,30.000000
DCTCP_qdelay,3200,82.000000,164.000000,115.965512,0.906852,30.000000
DCTCP_qdelay,3200,164.000000,3930.000000,802.820030,0.741814,30.000000
LR,3200,5.000000,5.000000,5.000000,0.752337,30.000000
LR,3200,5.000000,10.000000,7.071068,0.693026,30.000000
LR,3200,10.000000,15.000000,12.247449,0.645010,30.000000
LR,3200,15.000000,25.000000,19.364917,0.592861,30.000000
LR,3200,25.000000,41.000000,32.015621,0.515998,30.000000
LR,3200,41.000000,82.000000,57.982756,0.407932,30.000000
LR,3200,82.000000,164.000000,115.965512,0.268881,30.000000
LR,3200,164.000000,3930.000000,802.820030,0.098219,30.000000
SP,3200,5.000000,5.000000,5.000000,0.297436,30.000000
SP,3200,5.000000,10.000000,7.071068,0.273811,30.000000
SP,3200,10.000000,15.000000,12.247449,0.256459,30.000000
SP,3200,15.000000,25.000000,19.364917,0.237018,30.000000
SP,3200,25.000000,41.000000,32.015621,0.212705,30.000000
SP,3200,41.000000,82.000000,57.982756,0.177310,30.000000
SP,3200,82.000000,164.000000,115.965512,0.128380,30.000000
SP,3200,164.000000,3930.000000,802.820030,0.056392,30.000000
