Scheme,Credit,NumPaths,PathType,Threshold,SuccRatio,SuccRatioMin,SuccRatioMax,SuccVolume,SuccVolumeMin,SuccVolumeMax,CompTime,CompTimeMin,CompTimeMax
DCTCP_qdelay,400,4,shortest,None,58.427541,57.337218,59.165112,35.247981,34.050637,36.318932,1369.902833,1352.729949,1384.552019
WF,400,4,shortest,None,41.300438,40.599263,41.912561,21.971038,21.403187,22.477551,679.074115,673.451072,687.375141
LND,400,4,shortest,None,9.271282,8.925496,9.868888,2.357703,2.247188,2.506195,-381.630732,-390.054953,-376.567669
LR,400,4,shortest,None,26.026401,25.393013,26.425381,3.780870,3.634265,3.877937,30.729230,14.135085,42.847005
SP,400,4,shortest,None,1.371637,0.503529,2.075817,0.345596,0.119759,0.628782,4280.047632,3748.093208,4613.030955
DCTCP_qdelay,800,4,shortest,None,80.106123,79.426787,80.649329,59.964694,58.997486,60.850539,1227.886652,1220.049485,1233.658762
WF,800,4,shortest,None,58.419193,57.721972,59.094089,37.774977,37.116395,38.369534,620.390302,615.529178,624.575474
LND,800,4,shortest,None,15.799554,15.243522,16.573485,5.858757,5.556114,6.213518,-719.505552,-730.388644,-707.388810
LR,800,4,shortest,None,36.163028,35.681812,36.707838,7.139688,6.868792,7.369525,-82.234947,-95.856046,-71.006898
SP,800,4,shortest,None,3.095110,1.353941,4.553839,0.873879,0.355256,1.342249,4069.101589,3712.450147,4372.160689
DCTCP_qdelay,1600,4,shortest,None,90.684381,90.222001,91.082294,77.273902,76.703105,78.050179,1100.293464,1091.729557,1106.569957
WF,1600,4,shortest,None,76.084178,75.436137,76.545053,58.682997,57.930187,59.108871,542.596883,540.623565,546.515674
LND,1600,4,shortest,None,27.271716,26.381210,28.121570,14.446683,13.888690,14.923877,-1175.533182,-1225.909691,-1125.944677
LR,1600,4,shortest,None,46.303674,45.267471,47.082753,12.730688,12.076152,13.295820,-231.255698,-254.166827,-218.110611
SP,1600,4,shortest,None,9.579106,6.068778,13.438975,2.965900,1.653993,4.190123,3963.225768,3699.725775,4132.280841
DCTCP_qdelay,3200,4,shortest,None,95.024864,94.429732,95.206266,86.371197,85.260301,86.811146,1002.071640,993.999075,1014.461142
WF,3200,4,shortest,None,89.070783,88.578867,89.521082,78.023523,77.194574,78.436570,454.375140,451.462316,458.957699
LND,3200,4,shortest,None,47.113021,46.152560,48.247279,33.626268,32.756243,34.554872,-1671.640292,-1712.005822,-1644.446922
LR,3200,4,shortest,None,54.850478,53.980564,55.961461,20.217757,19.448592,21.517911,-411.467514,-430.135971,-394.586882
SP,3200,4,shortest,None,29.740262,24.476810,35.589583,12.059558,9.485990,15.076952,3582.599403,3461.297131,3660.178451
DCTCP_qdelay,6400,4,shortest,None,97.308778,96.986402,97.554436,91.994236,91.249529,92.686121,914.367928,904.030012,926.331693
WF,6400,4,shortest,None,95.160794,94.562430,95.784076,89.297704,88.223620,90.383648,388.899241,381.336141,395.327552
LND,6400,4,shortest,None,76.311539,75.044187,77.676283,68.015988,66.572966,69.196263,-1919.669930,-1948.187729,-1890.596984
LR,6400,4,shortest,None,60.899649,60.604840,61.462836,28.143459,27.508633,28.973735,-584.011371,-595.586529,-570.225603
SP,6400,4,shortest,None,60.763276,51.129319,65.964854,34.325377,25.841349,38.405647,2944.320186,2848.075488,3207.664347
DCTCP_qdelay,12800,4,shortest,None,98.695648,98.479404,98.917516,95.928197,95.347571,96.514762,825.855682,799.911690,848.477374
WF,12800,4,shortest,None,97.909965,97.585855,98.441813,95.087611,94.545634,96.287525,349.800402,341.986558,353.660271
LND,12800,4,shortest,None,96.370356,96.203627,96.595486,94.075325,93.768694,94.643162,-1690.431923,-1716.878481,-1646.756305
LR,12800,4,shortest,None,63.345950,62.020053,64.688345,32.757839,31.345281,34.959955,-719.768428,-768.169075,-684.593355
SP,12800,4,shortest,None,68.982607,63.354909,73.617214,44.413584,38.146650,48.707441,2606.126596,2497.958161,2823.055295
