Scheme,Credit,NumPaths,PathType,Threshold,SuccRatio,SuccRatioMin,SuccRatioMax,SuccVolume,SuccVolumeMin,SuccVolumeMax,CompTime,CompTimeMin,CompTimeMax
DCTCP_qdelay,100,4,shortest,None,65.589077,64.856893,66.326192,41.584623,40.772802,42.557880,1303.371585,1296.614964,1308.895973
WF,100,4,shortest,None,48.388481,48.033715,48.941858,22.954607,22.572992,23.360244,569.986958,565.286298,574.763097
LND,100,4,shortest,None,8.754554,8.481404,8.938201,1.296521,1.247217,1.332950,304.245744,302.469506,306.503063
LR,100,4,shortest,None,20.541253,20.334306,20.860534,4.347031,4.226665,4.548740,596.688431,595.044850,598.012148
SP,100,4,shortest,None,4.778668,3.993343,6.026377,0.902084,0.752286,1.158372,4105.933971,4021.356908,4204.358651
DCTCP_qdelay,200,4,shortest,None,83.185045,82.324752,83.639524,63.979896,62.992945,64.997076,1254.080104,1249.105640,1255.944679
WF,200,4,shortest,None,63.399403,62.765881,64.114931,35.999140,35.621138,36.336470,531.173573,526.477430,537.688474
LND,200,4,shortest,None,14.382589,14.073229,14.775323,3.157695,3.030263,3.269878,302.154536,300.442795,303.717181
LR,200,4,shortest,None,32.456509,32.086781,32.827646,8.471615,8.281562,8.798746,600.939520,599.976335,603.005739
SP,200,4,shortest,None,7.951641,5.827987,9.102702,2.046350,1.450563,2.660740,3716.026102,3418.959273,4022.893541
DCTCP_qdelay,400,4,shortest,None,91.445296,90.512059,92.006576,79.010280,77.585903,79.935950,1200.040570,1189.303575,1206.349773
WF,400,4,shortest,None,77.749150,77.009341,78.556049,53.109157,52.337221,53.736806,475.256888,470.618354,481.521551
LND,400,4,shortest,None,23.313673,22.934572,23.733839,7.784009,7.639911,7.915147,305.684383,304.939564,306.418471
LR,400,4,shortest,None,45.024592,44.773725,45.200253,14.864557,14.603790,15.237632,604.703878,603.663070,606.745815
SP,400,4,shortest,None,13.726972,11.687616,15.824683,4.645988,3.690223,5.469712,3353.134974,3181.267047,3483.185723
DCTCP_qdelay,800,4,shortest,None,94.633426,94.053927,95.110372,86.253690,85.239338,86.921489,1152.505719,1141.139158,1161.194953
WF,800,4,shortest,None,88.413401,87.460951,89.379105,70.434370,69.381508,71.603841,406.091690,400.511141,409.294130
LND,800,4,shortest,None,38.116332,37.372887,39.170668,18.570466,18.053687,19.249254,313.321156,311.987512,315.118838
LR,800,4,shortest,None,58.284959,58.077939,58.528399,24.406348,24.037699,24.804072,607.967822,606.506823,609.925624
SP,800,4,shortest,None,22.256715,19.841415,26.272533,9.213075,8.121584,10.746444,3054.281122,2975.845280,3156.853012
DCTCP_qdelay,1600,4,shortest,None,96.421030,96.137821,96.727122,91.023426,90.485552,91.448073,1099.545589,1090.376973,1107.385458
WF,1600,4,shortest,None,94.518046,93.850796,95.089705,83.946946,82.837225,85.245157,337.949806,333.964301,341.828787
LND,1600,4,shortest,None,61.840512,61.202518,62.751459,42.673284,41.980146,43.395102,317.570778,316.060741,318.800493
LR,1600,4,shortest,None,70.245005,69.882844,70.688947,36.506646,35.669578,36.949182,610.554562,609.311856,612.109064
SP,1600,4,shortest,None,31.917591,27.616957,36.639542,15.875677,13.670826,17.909868,2716.077292,2641.964078,2755.628372
DCTCP_qdelay,3200,4,shortest,None,97.645631,97.425944,97.823186,94.557819,94.185370,94.983522,1033.012340,1024.053928,1041.287852
WF,3200,4,shortest,None,97.408874,97.029582,97.694709,92.149430,91.351446,92.966868,289.225936,285.591873,293.371552
LND,3200,4,shortest,None,90.469190,89.923766,90.944306,81.698850,80.798267,82.305698,291.512771,287.373051,294.449265
LR,3200,4,shortest,None,80.255372,79.757917,80.821484,50.497680,49.245481,51.667606,612.680463,611.072919,614.008748
SP,3200,4,shortest,None,37.060096,32.083779,43.426070,21.240231,18.279069,24.650213,2407.724961,2257.564244,2488.349505
