Scheme,Credit,SizeStart,SizeEnd,Point,Prob,Demand
WF,3200,5.000000,5.000000,5.000000,0.942476,30.000000
WF,3200,5.000000,10.000000,7.071068,0.910196,30.000000
WF,3200,10.000000,15.000000,12.247449,0.886313,30.000000
WF,3200,15.000000,25.000000,19.364917,0.853713,30.000000
WF,3200,25.000000,41.000000,32.015621,0.806438,30.000000
WF,3200,41.000000,82.000000,57.982756,0.725086,30.000000
WF,3200,82.000000,164.000000,115.965512,0.604066,30.000000
WF,3200,164.000000,3930.000000,802.820030,0.376361,30.000000
LND,3200,5.000000,5.000000,5.000000,0.874083,30.000000
LND,3200,5.000000,10.000000,7.071068,0.866093,30.000000
LND,3200,10.000000,15.000000,12.247449,0.860891,30.000000
LND,3200,15.000000,25.000000,19.364917,0.856197,30.000000
LND,3200,25.000000,41.000000,32.015621,0.848534,30.000000
LND,3200,41.000000,82.000000,57.982756,0.838214,30.000000
LND,3200,82.000000,164.000000,115.965512,0.824148,30.000000
LND,3200,164.000000,3930.000000,802.820030,0.764792,30.000000
DCTCP_qdelay,3200,5.000000,5.000000,5.000000,0.978856,30.000000
DCTCP_qdelay,3200,5.000000,10.000000,7.071068,0.968549,30.000000
DCTCP_qdelay,3200,10.000000,15.000000,12.247449,0.960514,30.000000
DCTCP_qdelay,3200,15.000000,25.000000,19.364917,0.951471,30.000000
DCTCP_qdelay,3200,25.000000,41.000000,32.015621,0.934606,30.000000
DCTCP_qdelay,3200,41.000000,82.000000,57.982756,0.907223,30.000000
DCTCP_qdelay,3200,82.000000,164.000000,115.965512,0.854778,30.000000
DCTCP_qdelay,3200,164.000000,3930.000000,802.820030,0.675947,30.000000
LR,3200,5.000000,5.000000,5.000000,0.693535,30.000000
LR,3200,5.000000,10.000000,7.071068,0.584728,30.000000
LR,3200,10.000000,15.000000,12.247449,0.518651,30.000000
LR,3200,15.000000,25.000000,19.364917,0.452442,30.000000
LR,3200,25.000000,41.000000,32.015621,0.372736,30.000000
LR,3200,41.000000,82.000000,57.982756,0.290362,30.000000
LR,3200,82.000000,164.000000,115.965512,0.210308,30.000000
LR,3200,164.000000,3930.000000,802.820030,0.105420,30.000000
SP,3200,5.000000,5.000000,5.000000,0.247432,30.000000
SP,3200,5.000000,10.000000,7.071068,0.229477,30.000000
SP,3200,10.000000,15.000000,12.247449,0.215111,30.000000
SP,3200,15.000000,25.000000,19.364917,0.201051,30.000000
SP,3200,25.000000,41.000000,32.015621,0.181404,30.000000
SP,3200,41.000000,82.000000,57.982756,0.152639,30.000000
SP,3200,82.000000,164.000000,115.965512,0.116154,30.000000
SP,3200,164.000000,3930.000000,802.820030,0.068539,30.000000
PS,3200,5.000000,5.000000,5.000000,0.991922,30.000000
PS,3200,5.000000,10.000000,7.071068,0.982404,30.000000
PS,3200,10.000000,15.000000,12.247449,0.975803,30.000000
PS,3200,15.000000,25.000000,19.364917,0.961440,30.000000
PS,3200,25.000000,41.000000,32.015621,0.943257,30.000000
PS,3200,41.000000,82.000000,57.982756,0.903564,30.000000
PS,3200,82.000000,164.000000,115.965512,0.813118,30.000000
PS,3200,164.000000,3930.000000,802.820030,0.487384,30.000000
