Scheme,Credit,DAGAmt,Topo,CreditType,NumPaths,PathType,SchedulingAlg,Threshold,RebalancingRate,SuccRatio,SuccRatioMin,SuccRatioMax,SuccVolume,SuccVolumeMin,SuccVolumeMax,CompTime,CompTimeMin,CompTimeMax,RebalancingAmt,RebalancingAmtMin,RebalancingAmtMax
SP,4000,20,sf,lnd,4,shortest,LIFO,75,10,99.029760,98.734577,99.253100,87.199274,86.784044,87.847108,315.038193,307.070506,324.890997,17060.040760,16605.907600,17315.572400
SP,4000,20,sf,lnd,4,shortest,LIFO,75,100,99.035242,98.680330,99.278788,87.360453,86.982181,87.896374,318.472170,308.275033,329.559504,14749.954680,14363.705000,14956.016800
SP,4000,20,sf,lnd,4,shortest,LIFO,75,1000,98.942728,98.525152,99.215707,87.649575,87.252459,88.392872,334.377539,318.830735,350.279484,10129.041600,9811.358200,10322.597000
SP,4000,20,sf,lnd,4,shortest,LIFO,75,10000,87.955125,84.817528,91.430327,64.673532,59.592927,70.364840,1668.197729,1405.116766,1852.311535,3670.488200,3400.290800,3975.496000
SP,4000,20,sf,lnd,4,shortest,LIFO,75,100000,18.490651,5.771829,39.259213,7.682633,2.840301,17.128159,3032.983377,2776.302815,3329.004402,84.913960,23.753400,208.635400
LR,4000,20,sf,lnd,4,shortest,LIFO,75,10,97.966744,97.840002,98.060952,84.447227,83.960751,85.237212,605.450889,605.106226,606.343067,24148.745800,23843.797600,24401.851400
LR,4000,20,sf,lnd,4,shortest,LIFO,75,100,97.752813,97.641427,97.847095,83.831593,83.232413,84.679453,605.468597,605.153788,606.324590,20614.758240,20337.742000,20804.715000
LR,4000,20,sf,lnd,4,shortest,LIFO,75,1000,96.602071,96.480552,96.792152,81.267947,80.736125,82.028105,605.361600,605.067570,606.138637,13087.363720,12902.252200,13225.735600
LR,4000,20,sf,lnd,4,shortest,LIFO,75,10000,86.525166,85.434642,87.441767,62.419651,60.253485,64.233377,604.021721,603.497815,604.918660,3668.858600,3538.088000,3777.313000
LR,4000,20,sf,lnd,4,shortest,LIFO,75,100000,69.868910,68.838464,70.937634,38.933254,38.164972,40.691765,601.623529,600.900298,602.502166,420.384120,402.549800,444.871600
WF,4000,20,sf,lnd,4,widest,LIFO,75,10,99.326561,99.044275,99.527213,97.908726,97.421105,98.263749,325.189557,324.013298,327.315605,28421.896440,27697.227000,28866.113000
WF,4000,20,sf,lnd,4,widest,LIFO,75,100,99.338926,99.094576,99.524612,97.908537,97.448958,98.245219,322.795588,321.868962,324.453091,24079.559360,23432.586400,24489.716800
WF,4000,20,sf,lnd,4,widest,LIFO,75,1000,99.013761,98.739837,99.199123,97.311426,96.929606,97.604643,324.274464,323.765851,324.837674,15431.415600,14990.083800,15669.108200
WF,4000,20,sf,lnd,4,widest,LIFO,75,10000,87.488121,85.913518,88.247298,81.417014,79.282434,82.610652,482.957707,477.338965,496.554871,5398.007480,5313.749600,5498.090000
WF,4000,20,sf,lnd,4,widest,LIFO,75,100000,57.834075,55.447044,60.231581,46.568979,44.489943,48.486819,696.918670,688.086753,705.903262,735.259200,700.537400,771.468000
LND,4000,20,sf,lnd,4,shortest,LIFO,75,10,69.366517,68.659115,70.827332,59.377154,58.185557,61.003427,229.336886,227.177371,230.466552,13906.701840,13513.961400,14387.621200
LND,4000,20,sf,lnd,4,shortest,LIFO,75,100,69.587781,68.647540,70.923684,59.504944,58.059356,60.927725,229.514191,227.432271,230.821639,11954.831600,11674.524800,12342.735800
LND,4000,20,sf,lnd,4,shortest,LIFO,75,1000,67.429499,66.453907,69.196481,57.531767,56.229496,59.200517,230.302028,228.412098,231.601672,7737.074440,7523.122800,8002.335800
LND,4000,20,sf,lnd,4,shortest,LIFO,75,10000,53.249533,51.948078,54.887038,41.817360,40.473303,43.594218,232.159214,231.139935,232.770198,2659.278080,2542.055400,2790.186200
LND,4000,20,sf,lnd,4,shortest,LIFO,75,100000,46.252026,45.434284,48.148545,33.147739,32.211580,35.205464,235.705486,234.589080,236.608968,457.847680,442.410400,494.757200
DCTCP_qdelay,4000,20,sf,lnd,4,widest,LIFO,75,10,99.949963,99.882301,99.993386,99.760804,99.467773,99.964675,393.969288,386.659336,397.991796,29316.791160,28627.654400,29732.186400
DCTCP_qdelay,4000,20,sf,lnd,4,widest,LIFO,75,100,99.937702,99.853699,99.991401,99.706571,99.369895,99.948773,394.916706,387.388615,398.927441,23332.242400,22729.432400,23710.681200
DCTCP_qdelay,4000,20,sf,lnd,4,widest,LIFO,75,1000,99.730251,99.475946,99.951716,99.173317,98.601541,99.759160,401.450558,393.514695,405.081630,13898.964120,13505.118400,14154.172200
DCTCP_qdelay,4000,20,sf,lnd,4,widest,LIFO,75,10000,94.834569,94.200579,95.210998,88.874266,87.315878,89.618889,632.652888,620.825512,654.708860,5140.394040,5069.800000,5238.501800
DCTCP_qdelay,4000,20,sf,lnd,4,widest,LIFO,75,100000,66.711326,60.829161,70.939851,49.818150,44.982221,52.612554,1107.201915,1083.250627,1146.694064,767.018520,702.137000,810.732800
