Scheme,Credit,DAGAmt,Topo,CreditType,NumPaths,PathType,Threshold,SuccRatio,SuccRatioMin,SuccRatioMax,SuccVolume,SuccVolumeMin,SuccVolumeMax,CompTime,CompTimeMin,CompTimeMax
WF,4000,0,sf,lnd,4,widest,300,93.292523,92.529979,94.447921,84.161299,82.459450,86.198911,410.194687,396.305474,421.845129
WF,4000,5,sf,lnd,4,widest,300,89.430378,88.360113,90.525234,77.784995,75.919238,79.821062,444.762699,431.098633,457.603118
WF,4000,20,sf,lnd,4,widest,300,69.704381,67.693096,72.392974,54.779885,52.149882,58.588573,565.210085,542.210449,584.115471
WF,4000,40,sf,lnd,4,widest,300,50.875350,49.337911,54.500050,38.716602,37.341334,42.134841,607.010496,600.468902,613.699916
LND,4000,0,sf,lnd,4,shortest,300,83.653655,83.034150,84.652963,69.729959,68.886531,71.088287,374.275934,363.141950,387.393982
LND,4000,5,sf,lnd,4,shortest,300,83.129639,82.144346,83.916342,67.972965,65.896658,68.913241,386.019208,373.384115,398.626761
LND,4000,20,sf,lnd,4,shortest,300,71.385422,70.266060,72.207732,51.717916,50.208664,53.359767,430.750742,423.475935,434.714552
LND,4000,40,sf,lnd,4,shortest,300,55.258336,52.860798,58.862650,35.615494,34.154528,38.027410,459.776891,443.929102,471.982475
LR,4000,0,sf,lnd,4,shortest,300,64.150801,63.525585,64.647464,28.203389,27.220438,28.980475,610.124240,608.452051,610.816081
LR,4000,5,sf,lnd,4,shortest,300,63.861125,63.581824,64.077859,28.350614,27.915475,28.656218,607.089301,606.057823,608.105178
LR,4000,20,sf,lnd,4,shortest,300,56.226350,55.532038,56.735103,21.665390,21.075526,22.086196,595.494916,595.002829,596.001580
LR,4000,40,sf,lnd,4,shortest,300,43.581306,41.946575,47.136091,15.223244,14.102684,17.235870,581.208042,579.029172,584.313017
SP,4000,0,sf,lnd,4,shortest,300,29.033540,22.648226,35.134280,13.390884,10.425937,16.443535,2911.126988,2816.172642,2981.861307
SP,4000,5,sf,lnd,4,shortest,300,44.912132,42.912246,47.013237,20.346476,18.486094,22.238335,2821.206181,2696.570209,2949.109336
SP,4000,20,sf,lnd,4,shortest,300,44.174372,42.290255,48.302974,19.770492,18.667778,22.034380,2734.553671,2658.273941,2796.147173
SP,4000,40,sf,lnd,4,shortest,300,33.210579,30.444417,37.459345,14.322649,12.626360,16.103784,2785.357659,2671.990923,2874.510472
DCTCP_qdelay,4000,0,sf,lnd,4,widest,300,94.663401,93.828863,95.646775,89.813658,87.888134,91.535491,1017.897086,1005.577013,1027.499092
DCTCP_qdelay,4000,5,sf,lnd,4,widest,300,90.311827,90.020021,90.787485,82.130236,81.358855,83.840506,1237.320088,1214.764133,1262.657254
DCTCP_qdelay,4000,20,sf,lnd,4,widest,300,72.040509,70.677801,73.914496,59.543148,57.439912,62.586795,1516.779627,1493.764689,1539.913300
DCTCP_qdelay,4000,40,sf,lnd,4,widest,300,53.929039,51.054951,58.053522,43.664430,41.047347,47.364092,1640.441212,1608.245350,1663.418010
Circ,4000,0,sf,lnd,4,ideal,0,100.000000,100.000000,100.000000,100.000000,100.000000,100.000000,0,0,0
Circ,4000,5,sf,lnd,4,ideal,0,95.000000,95.000000,95.000000,95.000000,95.000000,95.000000,0,0,0
Circ,4000,20,sf,lnd,4,ideal,0,80.000000,80.000000,80.000000,80.000000,80.000000,80.000000,0,0,0
Circ,4000,40,sf,lnd,4,ideal,0,60.000000,60.000000,60.000000,60.000000,60.000000,60.000000,0,0,0
