Scheme,Credit,SizeStart,SizeEnd,Point,Prob,Demand
WF,800,5.000000,5.000000,5.000000,0.978462,30.000000
WF,800,5.000000,10.000000,7.071068,0.968164,30.000000
WF,800,10.000000,15.000000,12.247449,0.960948,30.000000
WF,800,15.000000,25.000000,19.364917,0.952203,30.000000
WF,800,25.000000,41.000000,32.015621,0.936000,30.000000
WF,800,41.000000,82.000000,57.982756,0.902840,30.000000
WF,800,82.000000,164.000000,115.965512,0.827419,30.000000
WF,800,164.000000,3930.000000,802.820030,0.515720,30.000000
LND,800,5.000000,5.000000,5.000000,0.456226,30.000000
LND,800,5.000000,10.000000,7.071068,0.443549,30.000000
LND,800,10.000000,15.000000,12.247449,0.435237,30.000000
LND,800,15.000000,25.000000,19.364917,0.425392,30.000000
LND,800,25.000000,41.000000,32.015621,0.404106,30.000000
LND,800,41.000000,82.000000,57.982756,0.376274,30.000000
LND,800,82.000000,164.000000,115.965512,0.317558,30.000000
LND,800,164.000000,3930.000000,802.820030,0.156040,30.000000
DCTCP_qdelay,800,5.000000,5.000000,5.000000,0.989510,30.000000
DCTCP_qdelay,800,5.000000,10.000000,7.071068,0.985857,30.000000
DCTCP_qdelay,800,10.000000,15.000000,12.247449,0.982550,30.000000
DCTCP_qdelay,800,15.000000,25.000000,19.364917,0.978118,30.000000
DCTCP_qdelay,800,25.000000,41.000000,32.015621,0.971635,30.000000
DCTCP_qdelay,800,41.000000,82.000000,57.982756,0.957492,30.000000
DCTCP_qdelay,800,82.000000,164.000000,115.965512,0.926758,30.000000
DCTCP_qdelay,800,164.000000,3930.000000,802.820030,0.765194,30.000000
LR,800,5.000000,5.000000,5.000000,0.876335,30.000000
LR,800,5.000000,10.000000,7.071068,0.800049,30.000000
LR,800,10.000000,15.000000,12.247449,0.738870,30.000000
LR,800,15.000000,25.000000,19.364917,0.669498,30.000000
LR,800,25.000000,41.000000,32.015621,0.574380,30.000000
LR,800,41.000000,82.000000,57.982756,0.442630,30.000000
LR,800,82.000000,164.000000,115.965512,0.279494,30.000000
LR,800,164.000000,3930.000000,802.820030,0.086742,30.000000
SP,800,5.000000,5.000000,5.000000,0.293989,30.000000
SP,800,5.000000,10.000000,7.071068,0.279244,30.000000
SP,800,10.000000,15.000000,12.247449,0.267925,30.000000
SP,800,15.000000,25.000000,19.364917,0.253709,30.000000
SP,800,25.000000,41.000000,32.015621,0.233007,30.000000
SP,800,41.000000,82.000000,57.982756,0.200472,30.000000
SP,800,82.000000,164.000000,115.965512,0.149891,30.000000
SP,800,164.000000,3930.000000,802.820030,0.063968,30.000000
