Scheme,Credit,NumPaths,PathType,Threshold,SuccRatio,SuccRatioMin,SuccRatioMax,SuccVolume,SuccVolumeMin,SuccVolumeMax,CompTime,CompTimeMin,CompTimeMax
DCTCP_qdelay,100,4,shortest,None,39.836183,38.424354,40.795442,21.659902,20.391068,22.492616,1389.956819,1377.155675,1397.813194
WF,100,4,shortest,None,32.680272,31.601977,33.372082,14.166188,13.556916,14.639897,664.538118,651.317926,676.466083
LND,100,4,shortest,None,6.060378,5.913634,6.258008,0.823928,0.800208,0.850292,319.916586,318.799600,321.435376
LR,100,4,shortest,None,10.994192,10.778437,11.122922,1.629910,1.551931,1.673408,740.136481,737.672096,743.851008
SP,100,4,shortest,None,3.072891,2.489459,3.783836,0.594372,0.450954,0.816576,4271.164466,3942.948018,4483.046893
DCTCP_qdelay,200,4,shortest,None,59.311467,58.102905,60.941911,37.733992,36.533080,39.101644,1311.431736,1301.433189,1321.081414
WF,200,4,shortest,None,46.835278,46.250223,47.524009,23.789506,23.452877,24.290745,628.806565,620.042681,634.029744
LND,200,4,shortest,None,10.018698,9.947454,10.091734,2.011613,1.996922,2.031946,323.789355,321.938451,325.493107
LR,200,4,shortest,None,18.256473,18.045440,18.847879,3.502369,3.369855,3.732264,742.998938,741.653209,745.359345
SP,200,4,shortest,None,5.313416,4.272802,6.194324,1.355920,1.018995,1.773387,3944.286259,3653.925159,4341.950339
DCTCP_qdelay,400,4,shortest,None,78.408818,77.248101,79.941090,58.722322,56.804321,60.593489,1234.545844,1228.937855,1239.411668
WF,400,4,shortest,None,62.721018,61.889083,63.538350,38.166730,37.455425,38.650121,586.484378,579.645969,592.132062
LND,400,4,shortest,None,16.697325,16.493322,16.846236,5.015902,4.910682,5.097840,331.380773,330.069250,334.066110
LR,400,4,shortest,None,27.165704,26.653136,27.867532,6.513460,6.223722,6.917916,747.529000,746.851656,749.568038
SP,400,4,shortest,None,8.685362,6.540802,10.497984,2.786960,2.097362,3.257930,3641.433701,3351.868545,3928.766060
DCTCP_qdelay,800,4,shortest,None,90.186497,89.561606,90.994866,76.701979,75.246229,78.323082,1146.998001,1136.633148,1162.625247
WF,800,4,shortest,None,79.058511,78.431231,79.975734,57.444427,56.630549,58.213833,526.905353,523.060954,530.025081
LND,800,4,shortest,None,27.954737,27.794766,28.196845,12.205021,12.125935,12.345862,341.521074,339.672216,343.741102
LR,800,4,shortest,None,37.285255,36.877836,38.030469,11.644600,11.147282,12.315921,751.057913,750.554274,752.749491
SP,800,4,shortest,None,15.834807,11.954345,18.274651,5.883395,4.229605,6.921706,3439.645979,3352.479681,3535.130398
DCTCP_qdelay,1600,4,shortest,None,94.985961,94.738272,95.358740,86.438561,85.630765,87.354572,1065.174748,1053.770890,1078.700182
WF,1600,4,shortest,None,90.947206,90.580135,91.330821,76.553445,76.110183,77.025602,444.734198,441.306380,449.108047
LND,1600,4,shortest,None,46.335568,45.524712,47.086522,28.233299,27.913962,28.383774,351.200219,349.624485,354.847507
LR,1600,4,shortest,None,47.281641,46.717813,48.065852,19.382918,18.431474,20.362647,753.781419,753.299832,755.063559
SP,1600,4,shortest,None,30.010473,27.096948,33.569432,13.138974,11.221950,15.440597,3185.642892,3043.335258,3358.250997
DCTCP_qdelay,3200,4,shortest,None,97.302149,96.985276,97.491730,92.131112,91.538119,92.694637,989.587883,977.423469,1002.384307
WF,3200,4,shortest,None,96.588200,96.210837,96.977142,89.366176,88.458358,90.070913,366.234226,362.482393,368.226459
LND,3200,4,shortest,None,74.460342,74.023706,74.633319,60.407279,59.625612,60.794942,348.638423,345.996002,353.076077
LR,3200,4,shortest,None,56.018581,55.492823,56.584583,28.742881,28.126386,29.569823,756.422528,755.214072,758.073446
SP,3200,4,shortest,None,44.418244,41.421291,50.259312,23.455651,21.122410,27.813954,2810.176095,2681.978710,2934.362100
