Scheme,Credit,SizeStart,SizeEnd,Point,Prob,Demand
WF,3200,5.000000,5.000000,5.000000,0.869494,30.000000
WF,3200,5.000000,10.000000,7.071068,0.815970,30.000000
WF,3200,10.000000,15.000000,12.247449,0.772909,30.000000
WF,3200,15.000000,25.000000,19.364917,0.721982,30.000000
WF,3200,25.000000,41.000000,32.015621,0.652558,30.000000
WF,3200,41.000000,82.000000,57.982756,0.557734,30.000000
WF,3200,82.000000,164.000000,115.965512,0.434414,30.000000
WF,3200,164.000000,3930.000000,802.820030,0.246345,30.000000
LND,3200,5.000000,5.000000,5.000000,0.669812,30.000000
LND,3200,5.000000,10.000000,7.071068,0.655183,30.000000
LND,3200,10.000000,15.000000,12.247449,0.640757,30.000000
LND,3200,15.000000,25.000000,19.364917,0.628999,30.000000
LND,3200,25.000000,41.000000,32.015621,0.608971,30.000000
LND,3200,41.000000,82.000000,57.982756,0.579381,30.000000
LND,3200,82.000000,164.000000,115.965512,0.538302,30.000000
LND,3200,164.000000,3930.000000,802.820030,0.437171,30.000000
DCTCP_qdelay,3200,5.000000,5.000000,5.000000,0.944798,30.000000
DCTCP_qdelay,3200,5.000000,10.000000,7.071068,0.915920,30.000000
DCTCP_qdelay,3200,10.000000,15.000000,12.247449,0.892248,30.000000
DCTCP_qdelay,3200,15.000000,25.000000,19.364917,0.865322,30.000000
DCTCP_qdelay,3200,25.000000,41.000000,32.015621,0.823670,30.000000
DCTCP_qdelay,3200,41.000000,82.000000,57.982756,0.763306,30.000000
DCTCP_qdelay,3200,82.000000,164.000000,115.965512,0.671571,30.000000
DCTCP_qdelay,3200,164.000000,3930.000000,802.820030,0.481883,30.000000
LR,3200,5.000000,5.000000,5.000000,0.450294,30.000000
LR,3200,5.000000,10.000000,7.071068,0.319001,30.000000
LR,3200,10.000000,15.000000,12.247449,0.250536,30.000000
LR,3200,15.000000,25.000000,19.364917,0.190816,30.000000
LR,3200,25.000000,41.000000,32.015621,0.134433,30.000000
LR,3200,41.000000,82.000000,57.982756,0.082961,30.000000
LR,3200,82.000000,164.000000,115.965512,0.044220,30.000000
LR,3200,164.000000,3930.000000,802.820030,0.012646,30.000000
SP,3200,5.000000,5.000000,5.000000,0.235703,30.000000
SP,3200,5.000000,10.000000,7.071068,0.217682,30.000000
SP,3200,10.000000,15.000000,12.247449,0.201265,30.000000
SP,3200,15.000000,25.000000,19.364917,0.185946,30.000000
SP,3200,25.000000,41.000000,32.015621,0.165618,30.000000
SP,3200,41.000000,82.000000,57.982756,0.133905,30.000000
SP,3200,82.000000,164.000000,115.965512,0.096911,30.000000
SP,3200,164.000000,3930.000000,802.820030,0.051885,30.000000
PS,3200,5.000000,5.000000,5.000000,0.960446,30.000000
PS,3200,5.000000,10.000000,7.071068,0.937534,30.000000
PS,3200,10.000000,15.000000,12.247449,0.917571,30.000000
PS,3200,15.000000,25.000000,19.364917,0.893817,30.000000
PS,3200,25.000000,41.000000,32.015621,0.861512,30.000000
PS,3200,41.000000,82.000000,57.982756,0.807701,30.000000
PS,3200,82.000000,164.000000,115.965512,0.707812,30.000000
PS,3200,164.000000,3930.000000,802.820030,0.410056,30.000000
