Scheme,Credit,DAGAmt,Topo,CreditType,NumPaths,PathType,SchedulingAlg,Threshold,RebalancingRate,SuccRatio,SuccRatioMin,SuccRatioMax,SuccVolume,SuccVolumeMin,SuccVolumeMax,CompTime,CompTimeMin,CompTimeMax,RebalancingAmt,RebalancingAmtMin,RebalancingAmtMax
SP,4000,20,sw,lnd,4,shortest,LIFO,75,10,99.109245,99.014800,99.164604,84.695155,84.111830,85.583774,340.905199,324.738781,346.616244,18249.552480,18100.607400,18379.897000
SP,4000,20,sw,lnd,4,shortest,LIFO,75,100,99.140561,99.041587,99.189919,84.974786,84.432851,85.714876,345.621807,330.626363,351.574412,15573.986040,15488.877800,15688.865400
SP,4000,20,sw,lnd,4,shortest,LIFO,75,1000,99.146513,99.023067,99.256001,85.439486,84.883842,86.378644,367.014807,342.343197,376.271156,10365.963960,10296.492200,10431.508200
SP,4000,20,sw,lnd,4,shortest,LIFO,75,10000,74.407679,70.056189,77.521888,45.726784,41.655441,49.151434,2274.834904,2138.646806,2443.809997,2056.385680,1819.575400,2301.323200
SP,4000,20,sw,lnd,4,shortest,LIFO,75,100000,38.996792,33.228414,48.059330,16.980970,13.938453,21.204151,3051.538028,2987.136734,3102.648126,110.391400,90.725800,147.845400
LR,4000,20,sw,lnd,4,shortest,LIFO,75,10,93.600164,93.522664,93.772171,69.023581,68.555728,69.750865,779.156709,778.197488,780.166645,24185.173680,24096.442600,24234.603000
LR,4000,20,sw,lnd,4,shortest,LIFO,75,100,93.158880,93.048225,93.391788,68.291118,67.867287,69.106015,779.131193,778.098912,780.168905,19775.554680,19723.316800,19839.283200
LR,4000,20,sw,lnd,4,shortest,LIFO,75,1000,90.725731,90.538664,91.105215,64.596829,64.016891,65.552972,779.175756,778.049975,780.022995,10609.614680,10559.775800,10731.348800
LR,4000,20,sw,lnd,4,shortest,LIFO,75,10000,79.272811,78.581232,79.803338,50.369954,49.662500,51.201789,778.388701,777.328889,779.121398,2837.950880,2797.078200,2879.491400
LR,4000,20,sw,lnd,4,shortest,LIFO,75,100000,54.234616,50.118849,57.725698,28.396217,26.244208,29.690457,767.234338,762.393845,770.522323,255.174120,227.463200,280.803600
WF,4000,20,sw,lnd,4,widest,LIFO,75,10,99.698536,99.650277,99.760000,98.273541,98.152061,98.625038,355.002840,353.138687,357.839687,30412.763520,30167.856600,30723.320400
WF,4000,20,sw,lnd,4,widest,LIFO,75,100,99.683768,99.646384,99.744548,98.197020,98.053816,98.568069,353.536387,351.660344,356.363790,25578.180880,25378.585200,25859.301000
WF,4000,20,sw,lnd,4,widest,LIFO,75,1000,99.438654,99.284966,99.529206,97.471121,97.160904,97.851564,354.126390,351.927585,356.837196,15656.316400,15533.033400,15814.693400
WF,4000,20,sw,lnd,4,widest,LIFO,75,10000,90.209571,89.421145,90.855621,82.743077,81.721350,83.638473,492.353335,484.666988,499.002174,5255.632600,5215.717600,5285.701800
WF,4000,20,sw,lnd,4,widest,LIFO,75,100000,66.676896,64.833812,68.555430,53.954229,52.325435,56.203628,671.227475,659.502671,680.879339,600.569440,577.215400,622.427800
LND,4000,20,sw,lnd,4,shortest,LIFO,75,10,60.124244,58.904671,61.651159,50.600723,49.459654,51.974013,260.117187,258.889113,262.224133,14310.522200,14098.998400,14697.062200
LND,4000,20,sw,lnd,4,shortest,LIFO,75,100,60.592095,59.397863,62.151737,50.761550,49.697565,52.218194,261.264636,259.523310,263.085766,12115.814560,11823.928000,12485.122200
LND,4000,20,sw,lnd,4,shortest,LIFO,75,1000,60.319977,59.563456,61.368919,49.924455,48.910673,50.990280,265.327355,263.485617,267.934576,7452.560120,7311.550400,7514.794400
LND,4000,20,sw,lnd,4,shortest,LIFO,75,10000,49.673051,48.879809,50.123522,37.904216,37.275812,38.293906,281.580454,279.567163,283.759015,2361.680240,2347.546400,2371.916200
LND,4000,20,sw,lnd,4,shortest,LIFO,75,100000,44.405711,41.631513,45.946192,31.294770,28.704384,32.620655,289.952434,287.661285,293.553752,287.346680,266.954800,307.391200
DCTCP_qdelay,4000,20,sw,lnd,4,widest,LIFO,75,10,99.999869,99.999669,100.000000,99.999597,99.998187,100.000000,438.315248,435.659820,442.026771,30714.718720,30460.504600,31154.507800
DCTCP_qdelay,4000,20,sw,lnd,4,widest,LIFO,75,100,99.999869,99.999669,100.000000,99.999595,99.998087,100.000000,438.621064,436.053074,442.395733,23791.032000,23615.074600,24143.167800
DCTCP_qdelay,4000,20,sw,lnd,4,widest,LIFO,75,1000,99.998570,99.996098,100.000000,99.994743,99.987540,100.000000,442.308068,439.491491,446.152445,13441.669800,13295.184000,13597.132400
DCTCP_qdelay,4000,20,sw,lnd,4,widest,LIFO,75,10000,96.876667,96.241753,97.159393,92.160841,91.305820,92.849747,658.598152,650.835858,674.121922,5230.797920,5127.472000,5286.318000
DCTCP_qdelay,4000,20,sw,lnd,4,widest,LIFO,75,100000,76.862762,75.820601,78.720678,60.477255,58.565247,62.182578,1155.883472,1138.037008,1171.296039,665.268080,630.905400,697.462200
