Scheme,Credit,SizeStart,SizeEnd,Point,Prob,Demand
WF,800,5.000000,5.000000,5.000000,0.942707,30.000000
WF,800,5.000000,10.000000,7.071068,0.920907,30.000000
WF,800,10.000000,15.000000,12.247449,0.903651,30.000000
WF,800,15.000000,25.000000,19.364917,0.881037,30.000000
WF,800,25.000000,41.000000,32.015621,0.844586,30.000000
WF,800,41.000000,82.000000,57.982756,0.777514,30.000000
WF,800,82.000000,164.000000,115.965512,0.655228,30.000000
WF,800,164.000000,3930.000000,802.820030,0.331873,30.000000
LND,800,5.000000,5.000000,5.000000,0.347473,30.000000
LND,800,5.000000,10.000000,7.071068,0.339176,30.000000
LND,800,10.000000,15.000000,12.247449,0.326792,30.000000
LND,800,15.000000,25.000000,19.364917,0.321387,30.000000
LND,800,25.000000,41.000000,32.015621,0.297396,30.000000
LND,800,41.000000,82.000000,57.982756,0.269461,30.000000
LND,800,82.000000,164.000000,115.965512,0.213314,30.000000
LND,800,164.000000,3930.000000,802.820030,0.089227,30.000000
DCTCP_qdelay,800,5.000000,5.000000,5.000000,0.983042,30.000000
DCTCP_qdelay,800,5.000000,10.000000,7.071068,0.973410,30.000000
DCTCP_qdelay,800,10.000000,15.000000,12.247449,0.964851,30.000000
DCTCP_qdelay,800,15.000000,25.000000,19.364917,0.955207,30.000000
DCTCP_qdelay,800,25.000000,41.000000,32.015621,0.938395,30.000000
DCTCP_qdelay,800,41.000000,82.000000,57.982756,0.906728,30.000000
DCTCP_qdelay,800,82.000000,164.000000,115.965512,0.840895,30.000000
DCTCP_qdelay,800,164.000000,3930.000000,802.820030,0.619247,30.000000
LR,800,5.000000,5.000000,5.000000,0.643017,30.000000
LR,800,5.000000,10.000000,7.071068,0.556206,30.000000
LR,800,10.000000,15.000000,12.247449,0.489327,30.000000
LR,800,15.000000,25.000000,19.364917,0.418044,30.000000
LR,800,25.000000,41.000000,32.015621,0.325463,30.000000
LR,800,41.000000,82.000000,57.982756,0.217796,30.000000
LR,800,82.000000,164.000000,115.965512,0.106680,30.000000
LR,800,164.000000,3930.000000,802.820030,0.021532,30.000000
SP,800,5.000000,5.000000,5.000000,0.226157,30.000000
SP,800,5.000000,10.000000,7.071068,0.206160,30.000000
SP,800,10.000000,15.000000,12.247449,0.193466,30.000000
SP,800,15.000000,25.000000,19.364917,0.178863,30.000000
SP,800,25.000000,41.000000,32.015621,0.159456,30.000000
SP,800,41.000000,82.000000,57.982756,0.130871,30.000000
SP,800,82.000000,164.000000,115.965512,0.092198,30.000000
SP,800,164.000000,3930.000000,802.820030,0.036886,30.000000
