Scheme,Credit,DAGAmt,Topo,CreditType,NumPaths,PathType,SchedulingAlg,Threshold,RebalancingRate,SuccRatio,SuccRatioMin,SuccRatioMax,SuccVolume,SuccVolumeMin,SuccVolumeMax,CompTime,CompTimeMin,CompTimeMax,RebalancingAmt,RebalancingAmtMin,RebalancingAmtMax
SP,4000,20,sf,lnd,4,shortest,LIFO,75,10,99.029760,98.734577,99.253100,87.199274,86.784044,87.847108,315.038193,307.070506,324.890997,17060.040760,16605.907600,17315.572400
SP,4000,20,sf,lnd,4,shortest,LIFO,75,100,99.035242,98.680330,99.278788,87.360453,86.982181,87.896374,318.472170,308.275033,329.559504,14749.954680,14363.705000,14956.016800
SP,4000,20,sf,lnd,4,shortest,LIFO,75,1000,98.942728,98.525152,99.215707,87.649575,87.252459,88.392872,334.377539,318.830735,350.279484,10129.041600,9811.358200,10322.597000
SP,4000,20,sf,lnd,4,shortest,LIFO,75,10000,87.955125,84.817528,91.430327,64.673532,59.592927,70.364840,1668.197729,1405.116766,1852.311535,3670.488200,3400.290800,3975.496000
SP,4000,20,sf,lnd,4,shortest,LIFO,75,100000,18.490651,5.771829,39.259213,7.682633,2.840301,17.128159,3032.983377,2776.302815,3329.004402,84.913960,23.753400,208.635400
LR,4000,20,sf,lnd,4,shortest,LIFO,75,10,97.966744,97.840002,98.060952,84.447227,83.960751,85.237212,605.450889,605.106226,606.343067,24148.745800,23843.797600,24401.851400
LR,4000,20,sf,lnd,4,shortest,LIFO,75,100,97.752813,97.641427,97.847095,83.831593,83.232413,84.679453,605.468597,605.153788,606.324590,20614.758240,20337.742000,20804.715000
LR,4000,20,sf,lnd,4,shortest,LIFO,75,1000,96.602071,96.480552,96.792152,81.267947,80.736125,82.028105,605.361600,605.067570,606.138637,13087.363720,12902.252200,13225.735600
LR,4000,20,sf,lnd,4,shortest,LIFO,75,10000,86.525166,85.434642,87.441767,62.419651,60.253485,64.233377,604.021721,603.497815,604.918660,3668.858600,3538.088000,3777.313000
LR,4000,20,sf,lnd,4,shortest,LIFO,75,100000,69.868910,68.838464,70.937634,38.933254,38.164972,40.691765,601.623529,600.900298,602.502166,420.384120,402.549800,444.871600
WF,4000,20,sf,lnd,4,widest,LIFO,75,10,99.326561,99.044275,99.527213,97.908726,97.421105,98.263749,325.189557,324.013298,327.315605,28421.896440,27697.227000,28866.113000
WF,4000,20,sf,lnd,4,widest,LIFO,75,100,99.338926,99.094576,99.524612,97.908537,97.448958,98.245219,322.795588,321.868962,324.453091,24079.559360,23432.586400,24489.716800
WF,4000,20,sf,lnd,4,widest,LIFO,75,1000,99.013761,98.739837,99.199123,97.311426,96.929606,97.604643,324.274464,323.765851,324.837674,15431.415600,14990.083800,15669.108200
WF,4000,20,sf,lnd,4,widest,LIFO,75,10000,87.488121,85.913518,88.247298,81.417014,79.282434,82.610652,482.957707,477.338965,496.554871,5398.007480,5313.749600,5498.090000
WF,4000,20,sf,lnd,4,widest,LIFO,75,100000,57.834075,55.447044,60.231581,46.568979,44.489943,48.486819,696.918670,688.086753,705.903262,735.259200,700.537400,771.468000
LND,4000,20,sf,lnd,4,shortest,LIFO,75,10,69.366517,68.659115,70.827332,59.377154,58.185557,61.003427,229.336886,227.177371,230.466552,13906.701840,13513.961400,14387.621200
LND,4000,20,sf,lnd,4,shortest,LIFO,75,100,69.587781,68.647540,70.923684,59.504944,58.059356,60.927725,229.514191,227.432271,230.821639,11954.831600,11674.524800,12342.735800
LND,4000,20,sf,lnd,4,shortest,LIFO,75,1000,67.429499,66.453907,69.196481,57.531767,56.229496,59.200517,230.302028,228.412098,231.601672,7737.074440,7523.122800,8002.335800
LND,4000,20,sf,lnd,4,shortest,LIFO,75,10000,53.249533,51.948078,54.887038,41.817360,40.473303,43.594218,232.159214,231.139935,232.770198,2659.278080,2542.055400,2790.186200
LND,4000,20,sf,lnd,4,shortest,LIFO,75,100000,46.252026,45.434284,48.148545,33.147739,32.211580,35.205464,235.705486,234.589080,236.608968,457.847680,442.410400,494.757200
DCTCP_qdelay,4000,20,sf,lnd,4,widest,LIFO,75,10,99.949963,99.882301,99.993386,99.760804,99.467773,99.964675,393.969288,386.659336,397.991796,29316.791160,28627.654400,29732.186400
DCTCP_qdelay,4000,20,sf,lnd,4,widest,LIFO,75,100,99.937702,99.853699,99.991401,99.706571,99.369895,99.948773,394.916706,387.388615,398.927441,23332.242400,22729.432400,23710.681200
DCTCP_qdelay,4000,20,sf,lnd,4,widest,LIFO,75,1000,99.730251,99.475946,99.951716,99.173317,98.601541,99.759160,401.450558,393.514695,405.081630,13898.964120,13505.118400,14154.172200
DCTCP_qdelay,4000,20,sf,lnd,4,widest,LIFO,75,10000,94.834569,94.200579,95.210998,88.874266,87.315878,89.618889,632.652888,620.825512,654.708860,5140.394040,5069.800000,5238.501800
DCTCP_qdelay,4000,20,sf,lnd,4,widest,LIFO,75,100000,66.711326,60.829161,70.939851,49.818150,44.982221,52.612554,1107.201915,1083.250627,1146.694064,767.018520,702.137000,810.732800
SP,4000,20,sw,lnd,4,shortest,LIFO,75,10,99.109245,99.014800,99.164604,84.695155,84.111830,85.583774,340.905199,324.738781,346.616244,18249.552480,18100.607400,18379.897000
SP,4000,20,sw,lnd,4,shortest,LIFO,75,100,99.140561,99.041587,99.189919,84.974786,84.432851,85.714876,345.621807,330.626363,351.574412,15573.986040,15488.877800,15688.865400
SP,4000,20,sw,lnd,4,shortest,LIFO,75,1000,99.146513,99.023067,99.256001,85.439486,84.883842,86.378644,367.014807,342.343197,376.271156,10365.963960,10296.492200,10431.508200
SP,4000,20,sw,lnd,4,shortest,LIFO,75,10000,74.407679,70.056189,77.521888,45.726784,41.655441,49.151434,2274.834904,2138.646806,2443.809997,2056.385680,1819.575400,2301.323200
SP,4000,20,sw,lnd,4,shortest,LIFO,75,100000,38.996792,33.228414,48.059330,16.980970,13.938453,21.204151,3051.538028,2987.136734,3102.648126,110.391400,90.725800,147.845400
LR,4000,20,sw,lnd,4,shortest,LIFO,75,10,93.600164,93.522664,93.772171,69.023581,68.555728,69.750865,779.156709,778.197488,780.166645,24185.173680,24096.442600,24234.603000
LR,4000,20,sw,lnd,4,shortest,LIFO,75,100,93.158880,93.048225,93.391788,68.291118,67.867287,69.106015,779.131193,778.098912,780.168905,19775.554680,19723.316800,19839.283200
LR,4000,20,sw,lnd,4,shortest,LIFO,75,1000,90.725731,90.538664,91.105215,64.596829,64.016891,65.552972,779.175756,778.049975,780.022995,10609.614680,10559.775800,10731.348800
LR,4000,20,sw,lnd,4,shortest,LIFO,75,10000,79.272811,78.581232,79.803338,50.369954,49.662500,51.201789,778.388701,777.328889,779.121398,2837.950880,2797.078200,2879.491400
LR,4000,20,sw,lnd,4,shortest,LIFO,75,100000,54.234616,50.118849,57.725698,28.396217,26.244208,29.690457,767.234338,762.393845,770.522323,255.174120,227.463200,280.803600
WF,4000,20,sw,lnd,4,widest,LIFO,75,10,99.698536,99.650277,99.760000,98.273541,98.152061,98.625038,355.002840,353.138687,357.839687,30412.763520,30167.856600,30723.320400
WF,4000,20,sw,lnd,4,widest,LIFO,75,100,99.683768,99.646384,99.744548,98.197020,98.053816,98.568069,353.536387,351.660344,356.363790,25578.180880,25378.585200,25859.301000
WF,4000,20,sw,lnd,4,widest,LIFO,75,1000,99.438654,99.284966,99.529206,97.471121,97.160904,97.851564,354.126390,351.927585,356.837196,15656.316400,15533.033400,15814.693400
WF,4000,20,sw,lnd,4,widest,LIFO,75,10000,90.209571,89.421145,90.855621,82.743077,81.721350,83.638473,492.353335,484.666988,499.002174,5255.632600,5215.717600,5285.701800
WF,4000,20,sw,lnd,4,widest,LIFO,75,100000,66.676896,64.833812,68.555430,53.954229,52.325435,56.203628,671.227475,659.502671,680.879339,600.569440,577.215400,622.427800
LND,4000,20,sw,lnd,4,shortest,LIFO,75,10,60.124244,58.904671,61.651159,50.600723,49.459654,51.974013,260.117187,258.889113,262.224133,14310.522200,14098.998400,14697.062200
LND,4000,20,sw,lnd,4,shortest,LIFO,75,100,60.592095,59.397863,62.151737,50.761550,49.697565,52.218194,261.264636,259.523310,263.085766,12115.814560,11823.928000,12485.122200
LND,4000,20,sw,lnd,4,shortest,LIFO,75,1000,60.319977,59.563456,61.368919,49.924455,48.910673,50.990280,265.327355,263.485617,267.934576,7452.560120,7311.550400,7514.794400
LND,4000,20,sw,lnd,4,shortest,LIFO,75,10000,49.673051,48.879809,50.123522,37.904216,37.275812,38.293906,281.580454,279.567163,283.759015,2361.680240,2347.546400,2371.916200
LND,4000,20,sw,lnd,4,shortest,LIFO,75,100000,44.405711,41.631513,45.946192,31.294770,28.704384,32.620655,289.952434,287.661285,293.553752,287.346680,266.954800,307.391200
DCTCP_qdelay,4000,20,sw,lnd,4,widest,LIFO,75,10,99.999869,99.999669,100.000000,99.999597,99.998187,100.000000,438.315248,435.659820,442.026771,30714.718720,30460.504600,31154.507800
DCTCP_qdelay,4000,20,sw,lnd,4,widest,LIFO,75,100,99.999869,99.999669,100.000000,99.999595,99.998087,100.000000,438.621064,436.053074,442.395733,23791.032000,23615.074600,24143.167800
DCTCP_qdelay,4000,20,sw,lnd,4,widest,LIFO,75,1000,99.998570,99.996098,100.000000,99.994743,99.987540,100.000000,442.308068,439.491491,446.152445,13441.669800,13295.184000,13597.132400
DCTCP_qdelay,4000,20,sw,lnd,4,widest,LIFO,75,10000,96.876667,96.241753,97.159393,92.160841,91.305820,92.849747,658.598152,650.835858,674.121922,5230.797920,5127.472000,5286.318000
DCTCP_qdelay,4000,20,sw,lnd,4,widest,LIFO,75,100000,76.862762,75.820601,78.720678,60.477255,58.565247,62.182578,1155.883472,1138.037008,1171.296039,665.268080,630.905400,697.462200
