5 0 0 4 0
5 0 3 0 0
5 0 3 0 0
5 0 0 1 0
5 0 1 3 0
5 0 1 3 0
5 0 2 1 0
5 0 3 2 0
5 0 3 2 0
5 0 2 4 0
5 0 2 4 0
5 0 4 2 0
5 0 4 2 0
5 1 0 4 0
5 1 3 0 0
5 1 3 0 0
5 1 0 1 0
5 1 1 3 0
5 1 1 3 0
5 1 2 1 0
5 1 3 2 0
5 1 3 2 0
5 1 2 4 0
5 1 2 4 0
5 1 4 2 0
5 1 4 2 0
5 2 0 4 0
5 2 3 0 0
5 2 3 0 0
5 2 0 1 0
5 2 1 3 0
5 2 1 3 0
5 2 2 1 0
5 2 3 2 0
5 2 3 2 0
5 2 2 4 0
5 2 2 4 0
5 2 4 2 0
5 2 4 2 0
5 3 0 4 0
5 3 3 0 0
5 3 3 0 0
5 3 0 1 0
5 3 1 3 0
5 3 1 3 0
5 3 2 1 0
5 3 3 2 0
5 3 3 2 0
5 3 2 4 0
5 3 2 4 0
5 3 4 2 0
5 3 4 2 0
5 4 0 4 0
5 4 3 0 0
5 4 3 0 0
5 4 0 1 0
5 4 1 3 0
5 4 1 3 0
5 4 2 1 0
5 4 3 2 0
5 4 3 2 0
5 4 2 4 0
5 4 2 4 0
5 4 4 2 0
5 4 4 2 0
5 5 0 4 0
5 5 3 0 0
5 5 3 0 0
5 5 0 1 0
5 5 1 3 0
5 5 1 3 0
5 5 2 1 0
5 5 3 2 0
5 5 3 2 0
5 5 2 4 0
5 5 2 4 0
5 5 4 2 0
5 5 4 2 0
5 6 0 4 0
5 6 3 0 0
5 6 3 0 0
5 6 0 1 0
5 6 1 3 0
5 6 1 3 0
5 6 2 1 0
5 6 3 2 0
5 6 3 2 0
5 6 2 4 0
5 6 2 4 0
5 6 4 2 0
5 6 4 2 0
5 7 0 4 0
5 7 3 0 0
5 7 3 0 0
5 7 0 1 0
5 7 1 3 0
5 7 1 3 0
5 7 2 1 0
5 7 3 2 0
5 7 3 2 0
5 7 2 4 0
5 7 2 4 0
5 7 4 2 0
5 7 4 2 0
5 8 0 4 0
5 8 3 0 0
5 8 3 0 0
5 8 0 1 0
5 8 1 3 0
5 8 1 3 0
5 8 2 1 0
5 8 3 2 0
5 8 3 2 0
5 8 2 4 0
5 8 2 4 0
5 8 4 2 0
5 8 4 2 0
5 9 0 4 0
5 9 3 0 0
5 9 3 0 0
5 9 0 1 0
5 9 1 3 0
5 9 1 3 0
5 9 2 1 0
5 9 3 2 0
5 9 3 2 0
5 9 2 4 0
5 9 2 4 0
5 9 4 2 0
5 9 4 2 0
5 10 0 4 0
5 10 3 0 0
5 10 3 0 0
5 10 0 1 0
5 10 1 3 0
5 10 1 3 0
5 10 2 1 0
5 10 3 2 0
5 10 3 2 0
5 10 2 4 0
5 10 2 4 0
5 10 4 2 0
5 10 4 2 0
5 11 0 4 0
5 11 3 0 0
5 11 3 0 0
5 11 0 1 0
5 11 1 3 0
5 11 1 3 0
5 11 2 1 0
5 11 3 2 0
5 11 3 2 0
5 11 2 4 0
5 11 2 4 0
5 11 4 2 0
5 11 4 2 0
5 12 0 4 0
5 12 3 0 0
5 12 3 0 0
5 12 0 1 0
5 12 1 3 0
5 12 1 3 0
5 12 2 1 0
5 12 3 2 0
5 12 3 2 0
5 12 2 4 0
5 12 2 4 0
5 12 4 2 0
5 12 4 2 0
5 13 0 4 0
5 13 3 0 0
5 13 3 0 0
5 13 0 1 0
5 13 1 3 0
5 13 1 3 0
5 13 2 1 0
5 13 3 2 0
5 13 3 2 0
5 13 2 4 0
5 13 2 4 0
5 13 4 2 0
5 13 4 2 0
5 14 0 4 0
5 14 3 0 0
5 14 3 0 0
5 14 0 1 0
5 14 1 3 0
5 14 1 3 0
5 14 2 1 0
5 14 3 2 0
5 14 3 2 0
5 14 2 4 0
5 14 2 4 0
5 14 4 2 0
5 14 4 2 0
5 15 0 4 0
5 15 3 0 0
5 15 3 0 0
5 15 0 1 0
5 15 1 3 0
5 15 1 3 0
5 15 2 1 0
5 15 3 2 0
5 15 3 2 0
5 15 2 4 0
5 15 2 4 0
5 15 4 2 0
5 15 4 2 0
5 16 0 4 0
5 16 3 0 0
5 16 3 0 0
5 16 0 1 0
5 16 1 3 0
5 16 1 3 0
5 16 2 1 0
5 16 3 2 0
5 16 3 2 0
5 16 2 4 0
5 16 2 4 0
5 16 4 2 0
5 16 4 2 0
5 17 0 4 0
5 17 3 0 0
5 17 3 0 0
5 17 0 1 0
5 17 1 3 0
5 17 1 3 0
5 17 2 1 0
5 17 3 2 0
5 17 3 2 0
5 17 2 4 0
5 17 2 4 0
5 17 4 2 0
5 17 4 2 0
5 18 0 4 0
5 18 3 0 0
5 18 3 0 0
5 18 0 1 0
5 18 1 3 0
5 18 1 3 0
5 18 2 1 0
5 18 3 2 0
5 18 3 2 0
5 18 2 4 0
5 18 2 4 0
5 18 4 2 0
5 18 4 2 0
5 19 0 4 0
5 19 3 0 0
5 19 3 0 0
5 19 0 1 0
5 19 1 3 0
5 19 1 3 0
5 19 2 1 0
5 19 3 2 0
5 19 3 2 0
5 19 2 4 0
5 19 2 4 0
5 19 4 2 0
5 19 4 2 0
5 20 0 4 0
5 20 3 0 0
5 20 3 0 0
5 20 0 1 0
5 20 1 3 0
5 20 1 3 0
5 20 2 1 0
5 20 3 2 0
5 20 3 2 0
5 20 2 4 0
5 20 2 4 0
5 20 4 2 0
5 20 4 2 0
5 21 0 4 0
5 21 3 0 0
5 21 3 0 0
5 21 0 1 0
5 21 1 3 0
5 21 1 3 0
5 21 2 1 0
5 21 3 2 0
5 21 3 2 0
5 21 2 4 0
5 21 2 4 0
5 21 4 2 0
5 21 4 2 0
5 22 0 4 0
5 22 3 0 0
5 22 3 0 0
5 22 0 1 0
5 22 1 3 0
5 22 1 3 0
5 22 2 1 0
5 22 3 2 0
5 22 3 2 0
5 22 2 4 0
5 22 2 4 0
5 22 4 2 0
5 22 4 2 0
5 23 0 4 0
5 23 3 0 0
5 23 3 0 0
5 23 0 1 0
5 23 1 3 0
5 23 1 3 0
5 23 2 1 0
5 23 3 2 0
5 23 3 2 0
5 23 2 4 0
5 23 2 4 0
5 23 4 2 0
5 23 4 2 0
5 24 0 4 0
5 24 3 0 0
5 24 3 0 0
5 24 0 1 0
5 24 1 3 0
5 24 1 3 0
5 24 2 1 0
5 24 3 2 0
5 24 3 2 0
5 24 2 4 0
5 24 2 4 0
5 24 4 2 0
5 24 4 2 0
5 25 0 4 0
5 25 3 0 0
5 25 3 0 0
5 25 0 1 0
5 25 1 3 0
5 25 1 3 0
5 25 2 1 0
5 25 3 2 0
5 25 3 2 0
5 25 2 4 0
5 25 2 4 0
5 25 4 2 0
5 25 4 2 0
5 26 0 4 0
5 26 3 0 0
5 26 3 0 0
5 26 0 1 0
5 26 1 3 0
5 26 1 3 0
5 26 2 1 0
5 26 3 2 0
5 26 3 2 0
5 26 2 4 0
5 26 2 4 0
5 26 4 2 0
5 26 4 2 0
5 27 0 4 0
5 27 3 0 0
5 27 3 0 0
5 27 0 1 0
5 27 1 3 0
5 27 1 3 0
5 27 2 1 0
5 27 3 2 0
5 27 3 2 0
5 27 2 4 0
5 27 2 4 0
5 27 4 2 0
5 27 4 2 0
5 28 0 4 0
5 28 3 0 0
5 28 3 0 0
5 28 0 1 0
5 28 1 3 0
5 28 1 3 0
5 28 2 1 0
5 28 3 2 0
5 28 3 2 0
5 28 2 4 0
5 28 2 4 0
5 28 4 2 0
5 28 4 2 0
5 29 0 4 0
5 29 3 0 0
5 29 3 0 0
5 29 0 1 0
5 29 1 3 0
5 29 1 3 0
5 29 2 1 0
5 29 3 2 0
5 29 3 2 0
5 29 2 4 0
5 29 2 4 0
5 29 4 2 0
5 29 4 2 0
5 30 0 4 0
5 30 3 0 0
5 30 3 0 0
5 30 0 1 0
5 30 1 3 0
5 30 1 3 0
5 30 2 1 0
5 30 3 2 0
5 30 3 2 0
5 30 2 4 0
5 30 2 4 0
5 30 4 2 0
5 30 4 2 0
5 31 0 4 0
5 31 3 0 0
5 31 3 0 0
5 31 0 1 0
5 31 1 3 0
5 31 1 3 0
5 31 2 1 0
5 31 3 2 0
5 31 3 2 0
5 31 2 4 0
5 31 2 4 0
5 31 4 2 0
5 31 4 2 0
5 32 0 4 0
5 32 3 0 0
5 32 3 0 0
5 32 0 1 0
5 32 1 3 0
5 32 1 3 0
5 32 2 1 0
5 32 3 2 0
5 32 3 2 0
5 32 2 4 0
5 32 2 4 0
5 32 4 2 0
5 32 4 2 0
5 33 0 4 0
5 33 3 0 0
5 33 3 0 0
5 33 0 1 0
5 33 1 3 0
5 33 1 3 0
5 33 2 1 0
5 33 3 2 0
5 33 3 2 0
5 33 2 4 0
5 33 2 4 0
5 33 4 2 0
5 33 4 2 0
5 34 0 4 0
5 34 3 0 0
5 34 3 0 0
5 34 0 1 0
5 34 1 3 0
5 34 1 3 0
5 34 2 1 0
5 34 3 2 0
5 34 3 2 0
5 34 2 4 0
5 34 2 4 0
5 34 4 2 0
5 34 4 2 0
5 35 0 4 0
5 35 3 0 0
5 35 3 0 0
5 35 0 1 0
5 35 1 3 0
5 35 1 3 0
5 35 2 1 0
5 35 3 2 0
5 35 3 2 0
5 35 2 4 0
5 35 2 4 0
5 35 4 2 0
5 35 4 2 0
5 36 0 4 0
5 36 3 0 0
5 36 3 0 0
5 36 0 1 0
5 36 1 3 0
5 36 1 3 0
5 36 2 1 0
5 36 3 2 0
5 36 3 2 0
5 36 2 4 0
5 36 2 4 0
5 36 4 2 0
5 36 4 2 0
5 37 0 4 0
5 37 3 0 0
5 37 3 0 0
5 37 0 1 0
5 37 1 3 0
5 37 1 3 0
5 37 2 1 0
5 37 3 2 0
5 37 3 2 0
5 37 2 4 0
5 37 2 4 0
5 37 4 2 0
5 37 4 2 0
5 38 0 4 0
5 38 3 0 0
5 38 3 0 0
5 38 0 1 0
5 38 1 3 0
5 38 1 3 0
5 38 2 1 0
5 38 3 2 0
5 38 3 2 0
5 38 2 4 0
5 38 2 4 0
5 38 4 2 0
5 38 4 2 0
5 39 0 4 0
5 39 3 0 0
5 39 3 0 0
5 39 0 1 0
5 39 1 3 0
5 39 1 3 0
5 39 2 1 0
5 39 3 2 0
5 39 3 2 0
5 39 2 4 0
5 39 2 4 0
5 39 4 2 0
5 39 4 2 0
5 40 0 4 0
5 40 3 0 0
5 40 3 0 0
5 40 0 1 0
5 40 1 3 0
5 40 1 3 0
5 40 2 1 0
5 40 3 2 0
5 40 3 2 0
5 40 2 4 0
5 40 2 4 0
5 40 4 2 0
5 40 4 2 0
5 41 0 4 0
5 41 3 0 0
5 41 3 0 0
5 41 0 1 0
5 41 1 3 0
5 41 1 3 0
5 41 2 1 0
5 41 3 2 0
5 41 3 2 0
5 41 2 4 0
5 41 2 4 0
5 41 4 2 0
5 41 4 2 0
5 42 0 4 0
5 42 3 0 0
5 42 3 0 0
5 42 0 1 0
5 42 1 3 0
5 42 1 3 0
5 42 2 1 0
5 42 3 2 0
5 42 3 2 0
5 42 2 4 0
5 42 2 4 0
5 42 4 2 0
5 42 4 2 0
5 43 0 4 0
5 43 3 0 0
5 43 3 0 0
5 43 0 1 0
5 43 1 3 0
5 43 1 3 0
5 43 2 1 0
5 43 3 2 0
5 43 3 2 0
5 43 2 4 0
5 43 2 4 0
5 43 4 2 0
5 43 4 2 0
5 44 0 4 0
5 44 3 0 0
5 44 3 0 0
5 44 0 1 0
5 44 1 3 0
5 44 1 3 0
5 44 2 1 0
5 44 3 2 0
5 44 3 2 0
5 44 2 4 0
5 44 2 4 0
5 44 4 2 0
5 44 4 2 0
5 45 0 4 0
5 45 3 0 0
5 45 3 0 0
5 45 0 1 0
5 45 1 3 0
5 45 1 3 0
5 45 2 1 0
5 45 3 2 0
5 45 3 2 0
5 45 2 4 0
5 45 2 4 0
5 45 4 2 0
5 45 4 2 0
5 46 0 4 0
5 46 3 0 0
5 46 3 0 0
5 46 0 1 0
5 46 1 3 0
5 46 1 3 0
5 46 2 1 0
5 46 3 2 0
5 46 3 2 0
5 46 2 4 0
5 46 2 4 0
5 46 4 2 0
5 46 4 2 0
5 47 0 4 0
5 47 3 0 0
5 47 3 0 0
5 47 0 1 0
5 47 1 3 0
5 47 1 3 0
5 47 2 1 0
5 47 3 2 0
5 47 3 2 0
5 47 2 4 0
5 47 2 4 0
5 47 4 2 0
5 47 4 2 0
5 48 0 4 0
5 48 3 0 0
5 48 3 0 0
5 48 0 1 0
5 48 1 3 0
5 48 1 3 0
5 48 2 1 0
5 48 3 2 0
5 48 3 2 0
5 48 2 4 0
5 48 2 4 0
5 48 4 2 0
5 48 4 2 0
5 49 0 4 0
5 49 3 0 0
5 49 3 0 0
5 49 0 1 0
5 49 1 3 0
5 49 1 3 0
5 49 2 1 0
5 49 3 2 0
5 49 3 2 0
5 49 2 4 0
5 49 2 4 0
5 49 4 2 0
5 49 4 2 0
5 50 0 4 0
5 50 3 0 0
5 50 3 0 0
5 50 0 1 0
5 50 1 3 0
5 50 1 3 0
5 50 2 1 0
5 50 3 2 0
5 50 3 2 0
5 50 2 4 0
5 50 2 4 0
5 50 4 2 0
5 50 4 2 0
5 51 0 4 0
5 51 3 0 0
5 51 3 0 0
5 51 0 1 0
5 51 1 3 0
5 51 1 3 0
5 51 2 1 0
5 51 3 2 0
5 51 3 2 0
5 51 2 4 0
5 51 2 4 0
5 51 4 2 0
5 51 4 2 0
5 52 0 4 0
5 52 3 0 0
5 52 3 0 0
5 52 0 1 0
5 52 1 3 0
5 52 1 3 0
5 52 2 1 0
5 52 3 2 0
5 52 3 2 0
5 52 2 4 0
5 52 2 4 0
5 52 4 2 0
5 52 4 2 0
5 53 0 4 0
5 53 3 0 0
5 53 3 0 0
5 53 0 1 0
5 53 1 3 0
5 53 1 3 0
5 53 2 1 0
5 53 3 2 0
5 53 3 2 0
5 53 2 4 0
5 53 2 4 0
5 53 4 2 0
5 53 4 2 0
5 54 0 4 0
5 54 3 0 0
5 54 3 0 0
5 54 0 1 0
5 54 1 3 0
5 54 1 3 0
5 54 2 1 0
5 54 3 2 0
5 54 3 2 0
5 54 2 4 0
5 54 2 4 0
5 54 4 2 0
5 54 4 2 0
5 55 0 4 0
5 55 3 0 0
5 55 3 0 0
5 55 0 1 0
5 55 1 3 0
5 55 1 3 0
5 55 2 1 0
5 55 3 2 0
5 55 3 2 0
5 55 2 4 0
5 55 2 4 0
5 55 4 2 0
5 55 4 2 0
5 56 0 4 0
5 56 3 0 0
5 56 3 0 0
5 56 0 1 0
5 56 1 3 0
5 56 1 3 0
5 56 2 1 0
5 56 3 2 0
5 56 3 2 0
5 56 2 4 0
5 56 2 4 0
5 56 4 2 0
5 56 4 2 0
5 57 0 4 0
5 57 3 0 0
5 57 3 0 0
5 57 0 1 0
5 57 1 3 0
5 57 1 3 0
5 57 2 1 0
5 57 3 2 0
5 57 3 2 0
5 57 2 4 0
5 57 2 4 0
5 57 4 2 0
5 57 4 2 0
5 58 0 4 0
5 58 3 0 0
5 58 3 0 0
5 58 0 1 0
5 58 1 3 0
5 58 1 3 0
5 58 2 1 0
5 58 3 2 0
5 58 3 2 0
5 58 2 4 0
5 58 2 4 0
5 58 4 2 0
5 58 4 2 0
5 59 0 4 0
5 59 3 0 0
5 59 3 0 0
5 59 0 1 0
5 59 1 3 0
5 59 1 3 0
5 59 2 1 0
5 59 3 2 0
5 59 3 2 0
5 59 2 4 0
5 59 2 4 0
5 59 4 2 0
5 59 4 2 0
5 60 0 4 0
5 60 3 0 0
5 60 3 0 0
5 60 0 1 0
5 60 1 3 0
5 60 1 3 0
5 60 2 1 0
5 60 3 2 0
5 60 3 2 0
5 60 2 4 0
5 60 2 4 0
5 60 4 2 0
5 60 4 2 0
5 61 0 4 0
5 61 3 0 0
5 61 3 0 0
5 61 0 1 0
5 61 1 3 0
5 61 1 3 0
5 61 2 1 0
5 61 3 2 0
5 61 3 2 0
5 61 2 4 0
5 61 2 4 0
5 61 4 2 0
5 61 4 2 0
5 62 0 4 0
5 62 3 0 0
5 62 3 0 0
5 62 0 1 0
5 62 1 3 0
5 62 1 3 0
5 62 2 1 0
5 62 3 2 0
5 62 3 2 0
5 62 2 4 0
5 62 2 4 0
5 62 4 2 0
5 62 4 2 0
5 63 0 4 0
5 63 3 0 0
5 63 3 0 0
5 63 0 1 0
5 63 1 3 0
5 63 1 3 0
5 63 2 1 0
5 63 3 2 0
5 63 3 2 0
5 63 2 4 0
5 63 2 4 0
5 63 4 2 0
5 63 4 2 0
5 64 0 4 0
5 64 3 0 0
5 64 3 0 0
5 64 0 1 0
5 64 1 3 0
5 64 1 3 0
5 64 2 1 0
5 64 3 2 0
5 64 3 2 0
5 64 2 4 0
5 64 2 4 0
5 64 4 2 0
5 64 4 2 0
5 65 0 4 0
5 65 3 0 0
5 65 3 0 0
5 65 0 1 0
5 65 1 3 0
5 65 1 3 0
5 65 2 1 0
5 65 3 2 0
5 65 3 2 0
5 65 2 4 0
5 65 2 4 0
5 65 4 2 0
5 65 4 2 0
5 66 0 4 0
5 66 3 0 0
5 66 3 0 0
5 66 0 1 0
5 66 1 3 0
5 66 1 3 0
5 66 2 1 0
5 66 3 2 0
5 66 3 2 0
5 66 2 4 0
5 66 2 4 0
5 66 4 2 0
5 66 4 2 0
5 67 0 4 0
5 67 3 0 0
5 67 3 0 0
5 67 0 1 0
5 67 1 3 0
5 67 1 3 0
5 67 2 1 0
5 67 3 2 0
5 67 3 2 0
5 67 2 4 0
5 67 2 4 0
5 67 4 2 0
5 67 4 2 0
5 68 0 4 0
5 68 3 0 0
5 68 3 0 0
5 68 0 1 0
5 68 1 3 0
5 68 1 3 0
5 68 2 1 0
5 68 3 2 0
5 68 3 2 0
5 68 2 4 0
5 68 2 4 0
5 68 4 2 0
5 68 4 2 0
5 69 0 4 0
5 69 3 0 0
5 69 3 0 0
5 69 0 1 0
5 69 1 3 0
5 69 1 3 0
5 69 2 1 0
5 69 3 2 0
5 69 3 2 0
5 69 2 4 0
5 69 2 4 0
5 69 4 2 0
5 69 4 2 0
5 70 0 4 0
5 70 3 0 0
5 70 3 0 0
5 70 0 1 0
5 70 1 3 0
5 70 1 3 0
5 70 2 1 0
5 70 3 2 0
5 70 3 2 0
5 70 2 4 0
5 70 2 4 0
5 70 4 2 0
5 70 4 2 0
5 71 0 4 0
5 71 3 0 0
5 71 3 0 0
5 71 0 1 0
5 71 1 3 0
5 71 1 3 0
5 71 2 1 0
5 71 3 2 0
5 71 3 2 0
5 71 2 4 0
5 71 2 4 0
5 71 4 2 0
5 71 4 2 0
5 72 0 4 0
5 72 3 0 0
5 72 3 0 0
5 72 0 1 0
5 72 1 3 0
5 72 1 3 0
5 72 2 1 0
5 72 3 2 0
5 72 3 2 0
5 72 2 4 0
5 72 2 4 0
5 72 4 2 0
5 72 4 2 0
5 73 0 4 0
5 73 3 0 0
5 73 3 0 0
5 73 0 1 0
5 73 1 3 0
5 73 1 3 0
5 73 2 1 0
5 73 3 2 0
5 73 3 2 0
5 73 2 4 0
5 73 2 4 0
5 73 4 2 0
5 73 4 2 0
5 74 0 4 0
5 74 3 0 0
5 74 3 0 0
5 74 0 1 0
5 74 1 3 0
5 74 1 3 0
5 74 2 1 0
5 74 3 2 0
5 74 3 2 0
5 74 2 4 0
5 74 2 4 0
5 74 4 2 0
5 74 4 2 0
5 75 0 4 0
5 75 3 0 0
5 75 3 0 0
5 75 0 1 0
5 75 1 3 0
5 75 1 3 0
5 75 2 1 0
5 75 3 2 0
5 75 3 2 0
5 75 2 4 0
5 75 2 4 0
5 75 4 2 0
5 75 4 2 0
5 76 0 4 0
5 76 3 0 0
5 76 3 0 0
5 76 0 1 0
5 76 1 3 0
5 76 1 3 0
5 76 2 1 0
5 76 3 2 0
5 76 3 2 0
5 76 2 4 0
5 76 2 4 0
5 76 4 2 0
5 76 4 2 0
5 77 0 4 0
5 77 3 0 0
5 77 3 0 0
5 77 0 1 0
5 77 1 3 0
5 77 1 3 0
5 77 2 1 0
5 77 3 2 0
5 77 3 2 0
5 77 2 4 0
5 77 2 4 0
5 77 4 2 0
5 77 4 2 0
5 78 0 4 0
5 78 3 0 0
5 78 3 0 0
5 78 0 1 0
5 78 1 3 0
5 78 1 3 0
5 78 2 1 0
5 78 3 2 0
5 78 3 2 0
5 78 2 4 0
5 78 2 4 0
5 78 4 2 0
5 78 4 2 0
5 79 0 4 0
5 79 3 0 0
5 79 3 0 0
5 79 0 1 0
5 79 1 3 0
5 79 1 3 0
5 79 2 1 0
5 79 3 2 0
5 79 3 2 0
5 79 2 4 0
5 79 2 4 0
5 79 4 2 0
5 79 4 2 0
5 80 0 4 0
5 80 3 0 0
5 80 3 0 0
5 80 0 1 0
5 80 1 3 0
5 80 1 3 0
5 80 2 1 0
5 80 3 2 0
5 80 3 2 0
5 80 2 4 0
5 80 2 4 0
5 80 4 2 0
5 80 4 2 0
5 81 0 4 0
5 81 3 0 0
5 81 3 0 0
5 81 0 1 0
5 81 1 3 0
5 81 1 3 0
5 81 2 1 0
5 81 3 2 0
5 81 3 2 0
5 81 2 4 0
5 81 2 4 0
5 81 4 2 0
5 81 4 2 0
5 82 0 4 0
5 82 3 0 0
5 82 3 0 0
5 82 0 1 0
5 82 1 3 0
5 82 1 3 0
5 82 2 1 0
5 82 3 2 0
5 82 3 2 0
5 82 2 4 0
5 82 2 4 0
5 82 4 2 0
5 82 4 2 0
5 83 0 4 0
5 83 3 0 0
5 83 3 0 0
5 83 0 1 0
5 83 1 3 0
5 83 1 3 0
5 83 2 1 0
5 83 3 2 0
5 83 3 2 0
5 83 2 4 0
5 83 2 4 0
5 83 4 2 0
5 83 4 2 0
5 84 0 4 0
5 84 3 0 0
5 84 3 0 0
5 84 0 1 0
5 84 1 3 0
5 84 1 3 0
5 84 2 1 0
5 84 3 2 0
5 84 3 2 0
5 84 2 4 0
5 84 2 4 0
5 84 4 2 0
5 84 4 2 0
5 85 0 4 0
5 85 3 0 0
5 85 3 0 0
5 85 0 1 0
5 85 1 3 0
5 85 1 3 0
5 85 2 1 0
5 85 3 2 0
5 85 3 2 0
5 85 2 4 0
5 85 2 4 0
5 85 4 2 0
5 85 4 2 0
5 86 0 4 0
5 86 3 0 0
5 86 3 0 0
5 86 0 1 0
5 86 1 3 0
5 86 1 3 0
5 86 2 1 0
5 86 3 2 0
5 86 3 2 0
5 86 2 4 0
5 86 2 4 0
5 86 4 2 0
5 86 4 2 0
5 87 0 4 0
5 87 3 0 0
5 87 3 0 0
5 87 0 1 0
5 87 1 3 0
5 87 1 3 0
5 87 2 1 0
5 87 3 2 0
5 87 3 2 0
5 87 2 4 0
5 87 2 4 0
5 87 4 2 0
5 87 4 2 0
5 88 0 4 0
5 88 3 0 0
5 88 3 0 0
5 88 0 1 0
5 88 1 3 0
5 88 1 3 0
5 88 2 1 0
5 88 3 2 0
5 88 3 2 0
5 88 2 4 0
5 88 2 4 0
5 88 4 2 0
5 88 4 2 0
5 89 0 4 0
5 89 3 0 0
5 89 3 0 0
5 89 0 1 0
5 89 1 3 0
5 89 1 3 0
5 89 2 1 0
5 89 3 2 0
5 89 3 2 0
5 89 2 4 0
5 89 2 4 0
5 89 4 2 0
5 89 4 2 0
5 90 0 4 0
5 90 3 0 0
5 90 3 0 0
5 90 0 1 0
5 90 1 3 0
5 90 1 3 0
5 90 2 1 0
5 90 3 2 0
5 90 3 2 0
5 90 2 4 0
5 90 2 4 0
5 90 4 2 0
5 90 4 2 0
5 91 0 4 0
5 91 3 0 0
5 91 3 0 0
5 91 0 1 0
5 91 1 3 0
5 91 1 3 0
5 91 2 1 0
5 91 3 2 0
5 91 3 2 0
5 91 2 4 0
5 91 2 4 0
5 91 4 2 0
5 91 4 2 0
5 92 0 4 0
5 92 3 0 0
5 92 3 0 0
5 92 0 1 0
5 92 1 3 0
5 92 1 3 0
5 92 2 1 0
5 92 3 2 0
5 92 3 2 0
5 92 2 4 0
5 92 2 4 0
5 92 4 2 0
5 92 4 2 0
5 93 0 4 0
5 93 3 0 0
5 93 3 0 0
5 93 0 1 0
5 93 1 3 0
5 93 1 3 0
5 93 2 1 0
5 93 3 2 0
5 93 3 2 0
5 93 2 4 0
5 93 2 4 0
5 93 4 2 0
5 93 4 2 0
5 94 0 4 0
5 94 3 0 0
5 94 3 0 0
5 94 0 1 0
5 94 1 3 0
5 94 1 3 0
5 94 2 1 0
5 94 3 2 0
5 94 3 2 0
5 94 2 4 0
5 94 2 4 0
5 94 4 2 0
5 94 4 2 0
5 95 0 4 0
5 95 3 0 0
5 95 3 0 0
5 95 0 1 0
5 95 1 3 0
5 95 1 3 0
5 95 2 1 0
5 95 3 2 0
5 95 3 2 0
5 95 2 4 0
5 95 2 4 0
5 95 4 2 0
5 95 4 2 0
5 96 0 4 0
5 96 3 0 0
5 96 3 0 0
5 96 0 1 0
5 96 1 3 0
5 96 1 3 0
5 96 2 1 0
5 96 3 2 0
5 96 3 2 0
5 96 2 4 0
5 96 2 4 0
5 96 4 2 0
5 96 4 2 0
5 97 0 4 0
5 97 3 0 0
5 97 3 0 0
5 97 0 1 0
5 97 1 3 0
5 97 1 3 0
5 97 2 1 0
5 97 3 2 0
5 97 3 2 0
5 97 2 4 0
5 97 2 4 0
5 97 4 2 0
5 97 4 2 0
5 98 0 4 0
5 98 3 0 0
5 98 3 0 0
5 98 0 1 0
5 98 1 3 0
5 98 1 3 0
5 98 2 1 0
5 98 3 2 0
5 98 3 2 0
5 98 2 4 0
5 98 2 4 0
5 98 4 2 0
5 98 4 2 0
5 99 0 4 0
5 99 3 0 0
5 99 3 0 0
5 99 0 1 0
5 99 1 3 0
5 99 1 3 0
5 99 2 1 0
5 99 3 2 0
5 99 3 2 0
5 99 2 4 0
5 99 2 4 0
5 99 4 2 0
5 99 4 2 0
