27.469
52.161
29.201
150.446
104.084
31.359
82.825
29.124
87.87
85.604
103.854
38.936
73.148
91.775
11.599
82.977
0.817
87.991
140.885
120.262
32.362
6.469
133.253
37.385
107.058
18.464
108.459
12.901
86.401
32.433
212.856
113.434
128.065
95.992
21.706
239.832
102.941
194.154
12.89
78.233
13.887
119.174
108.747
12.73
94.644
95.637
22.899
90.341
180.311
87.743
31.668
128.411
44.004
56.074
134.999
114.993
98.822
131.08
115.41
21.106
32.33
212.196
85.101
32.698
46.691
79.58
116.623
9.289
110.805
152.789
43.914
261.946
94.702
92.855
41.782
15.619
92.573
84.889
96.442
69.49
193.964
12.055
92.654
59.335
213.191
125.938
29.286
87.46
12.682
11.983
275.415
7.458
119.032
25.351
17.671
109.139
122.959
198.534
117.894
80.673
242.219
117.551
99.029
12.897
103.889
241.414
160.296
52.204
14.765
31.117
138.233
106.584
76.164
0.857
30.933
94.934
30.708
212.334
187.885
34.155
33.214
87.49
116.459
0.715
97.061
75.666
73.925
21.705
104.475
6.147
64.39
79.361
99.172
121.844
81.103
110.261
0.839
93.787
74.321
264.789
76.671
113.127
90.8
85.207
91.046
103.255
10.403
97.102
35.654
32.995
106.474
70.919
28.677
79.908
12.623
58.894
95.185
75.372
69.463
98.745
92.615
107.347
207.995
18.571
67.072
95.645
108.335
29.179
71.255
32.401
112.716
77.868
89.212
54.425
26.184
197.724
64.515
94.011
78.685
236.813
81.837
33.573
94.742
7.293
147.096
243.227
97.448
106.255
94.718
27.507
6.599
94.977
112.925
106.991
96.764
106.745
83.669
270.485
64.55
64.928
109.191
104.935
40.614
103.667
110.661
169.843
80.391
232.823
150.821
16.957
13.766
3.751
72.761
34.492
79.723
79.399
159.52
114.107
105.658
116.768
116.193
29.572
84.275
27.208
77.683
109.159
183.975
80.02
98.374
242.073
6.463
81.432
83.692
115.003
78.541
83.801
93.583
0.699
107.157
110.777
199.37
8.766
72.368
82.666
112.434
108.139
7.866
12.938
6.704
83.408
20.882
84.07
104.953
102.088
105.515
260.275
32.57
23.162
61.601
80.797
97.996
76.111
81.527
93.868
36.398
132.691
35.787
97.984
100.578
13.019
256.386
79.168
130.306
112.622
249.396
47.56
29.552
126.296
78.248
0.039
108.085
83.865
105.151
123.112
114.88
245.77
248.95
224.765
39.733
31.121
95.613
101.212
27.753
127.133
106.107
0.665
99.907
117.864
12.719
13.153
96.9
90.032
262.992
84.361
96.265
49.909
30.516
117.257
142.108
20.732
85.455
107.908
39.413
109.235
93.519
84.568
97.894
110.754
15.203
90.609
144.121
82.697
7.479
34.538
244.28
126.781
62.603
30.339
102.775
104.318
20.938
124.566
73.351
27.46
106.035
87.969
39.734
169.896
1.13
91.533
127.471
110.342
119.562
18.115
91.731
6.424
106.887
84.099
107.34
112.902
72.87
13.009
120.311
36.038
111.524
70.252
31.242
35.584
100.419
98.957
94.08
30.701
100.171
29.106
837.352
6.443
79.879
234.588
78.7
12.835
53.786
105.036
105.583
82.957
103.246
37.399
110.748
97.366
64.65
106.553
107.664
110.189
101.045
218.797
29.626
78.885
95.287
92.716
28.944
94.209
30.265
100.077
98.437
237.553
21.889
15.555
76.402
203.78
0.843
83.074
91.454
26.658
53.333
106.917
62.543
117.188
110.075
76.66
26.188
104.371
80.66
13.128
110.328
12.904
32.489
109.763
81.243
55.361
13.362
0.772
254.951
81.081
36.083
98.194
73.494
30.239
372.936
129.833
97.342
23.084
184.93
91.573
115.751
33.947
250.134
26.669
29.63
92.411
86.39
256.518
95.621
108.317
12.49
104.151
126.202
84.042
57.57
122.072
79.048
151.582
13.833
95.922
94.067
98.821
0.038
78.917
6.537
30.878
280.792
13.509
40.737
83.268
111.844
23.795
18.049
135.566
52.973
10.171
16.046
84.031
52.182
98.322
75.326
90.054
64.388
73.275
125.562
72.031
79.047
92.295
17.322
107.417
82.594
79.396
108.684
12.969
90.945
67.071
0.029
30.187
114.111
94.394
113.928
14.51
70.72
74.902
8.107
266.083
94.993
31.359
26.202
94.523
89.381
94.591
77.363
78.842
80.638
123.15
13.108
106.695
32.074
95.93
79.321
101.958
234.585
75.824
216.887
86.27
103.554
75.579
29.082
96.664
44.872
88.008
9.501
93.354
35.786
121.864
0.035
61.388
107.73
6.777
84.639
109.662
117.987
9.606
30.252
90.708
89.298
126.186
105.857
109.49
71.496
230.314
94.562
36.099
93.335
30.456
223.654
110.981
87.488
33.233
91.01
0.462
12.176
95.476
102.116
125.572
111.098
11.448
82.363
100.173
96.643
113.993
224.417
35.117
113.954
74.847
29.66
19.726
111.153
104.164
30.921
108.404
75.533
137.595
87.51
101.357
27.222
0.802
105.924
81.361
109.423
6.623
69.99
102.952
35.758
7.424
31.007
104.037
98.154
104.943
93.904
118.043
29.317
28.424
125.91
31.338
103.062
99.377
114.106
13.823
105.137
101.754
13.034
33.602
0.028
30.227
109.919
31.049
226.908
110.371
92.734
89.321
79.878
33.957
10.418
107.465
104.956
0.772
95.356
107.41
14.781
101.668
22.573
101.971
102.61
79.878
83.445
263.052
6.738
32.895
82.667
87.47
108.939
76.145
106.868
72.868
245.217
153.599
10.616
97.668
104.796
275.916
12.803
37.751
97.859
110.614
187.534
25.639
30.056
31.028
109.489
147.014
81.721
12.979
6.512
103.366
31.409
95.189
176.287
77.626
95.609
33.717
32.981
82.331
1.328
87.002
122.39
248.009
68.016
33.549
82.128
215.423
0.678
6.521
65.33
84.276
30.52
124.036
97.301
33.743
122.821
33.201
129.079
36.275
104.854
127.886
96.478
115.87
38.737
67.831
94.23
67.242
101.068
49.767
109.84
0.028
30.641
58.368
89.908
34.389
108.086
120.707
26.209
134.261
97.172
80.121
30.63
123.759
12.864
156.095
10.21
30.466
99.657
96.578
25.375
79.627
98.575
82.478
93.195
12.736
0.027
106.224
103.259
30.745
38.121
83.834
31.127
111.256
133.325
107.387
12.887
94.873
262.919
29.698
6.528
100.271
80.599
226.634
72.412
119.83
110.715
13.764
83.255
0.013
90.321
10.037
98.219
85.38
75.009
106.969
7.581
104.572
9.314
122.487
13.282
95.48
92.697
94.535
37.207
83.672
89.325
155.632
107.394
76.198
179.116
77.015
0.012
100.158
0.619
162.429
80.684
85.518
75.834
119.803
103.829
29.319
4.703
117.352
95.845
102.353
112.407
0.642
80.709
106.558
8.973
132.434
98.941
94.539
78.366
13.741
14.748
106.307
85.858
62.213
108.169
91.023
94.488
32.31
99.798
93.501
0.583
109.833
23.231
90.817
105.891
236.918
94.412
6.397
121.536
94.626
30.722
70.005
77.205
12.961
87.83
43.984
87.685
46.96
83.198
10.411
102.053
85.916
97.009
0.009
19.914
110.126
92.17
0.011
95.862
29.873
103.368
89.847
109.08
120.819
119.447
106.036
99.7
83.705
111.177
89.502
91.22
0.697
86.614
118.383
269.603
129.265
17.165
33.269
85.612
15.63
93.479
12.995
9.243
121.587
110.311
13.125
96.249
99.756
235.339
180.308
101.409
105.331
201.256
92.381
96.159
101.463
113.842
114.948
114.773
8.661
0.011
107.192
82.099
0.852
30.283
66.173
258.606
34.098
83.63
89.27
6.296
33.359
90.48
91.53
94.227
111.986
95.622
91.09
93.042
78.859
111.634
126.319
94.143
54.293
82.331
191.141
95.302
12.848
98.906
112.932
82.722
97.072
12.238
29.132
135.362
81.946
39.992
12.212
205.473
67.682
36.471
79.029
110.192
12.909
96.728
32.673
142.947
109.899
86.969
21.167
72.334
92.174
118.936
84.315
180.186
30.005
71.116
95.713
127.684
112.717
5.051
115.201
113.949
96.311
103.634
95.832
91.486
106.844
94.432
214.188
21.134
139.066
0.812
13.811
88.632
30.71
74.298
53.022
101.791
105.627
66.681
228.647
66.363
95.708
11.721
64.716
204.503
105.975
33.41
96.765
15.146
106.436
119.325
109.025
30.612
87.324
41.861
91.576
73.236
100.885
265.512
5.719
78.407
126.732
102.183
87.543
0.011
0.703
82.23
83.686
0.754
156.96
81.082
13.258
87.544
130.506
56.968
28.942
89.684
234.801
99.656
8.783
87.414
95.774
107.625
78.111
261.052
113.893
83.434
111.14
13.596
98.484
104.44
104.832
87.028
82.714
87.351
30.902
147.265
35.159
213.981
31.132
106.175
199.973
61.546
103.342
126.44
33.408
253.08
107.569
12.851
0.846
91.773
79.538
10.291
40.204
92.46
92.417
96.37
31.153
124.103
95.958
62.32
26.62
95.602
70.653
97.183
126.702
6.31
90.795
110.212
124.353
7.34
86.419
93.566
98.942
55.367
208.893
91.779
87.958
112.459
44.375
85.429
50.381
71.504
30.069
75.156
85.2
98.356
30.086
115.384
101.578
12.923
86.64
30.629
73.109
104.944
29.99
17.475
129.445
106.216
163.032
65.827
97.225
30.899
84.513
128.661
82.677
55.149
93.826
98.762
157.766
92.626
232.638
15.603
29.459
0.011
30.203
87.098
93.453
84.913
298.742
79.261
94.668
106.206
104.377
85.249
111.117
87.924
118.828
106.167
214.372
253.531
9.544
9.351
104.698
232.073
61.067
30.365
107.49
95.238
107.512
77.319
86.914
82.073
115.669
7.728
78.929
94.598
94.603
30.202
80.823
209.233
84.406
77.743
113.464
160.59
244.973
95.344
251.118
71.708
104.566
176.049
0.011
30.386
100.043
84.271
257.498
98.926
93.211
36.425
30.531
106.687
19.636
9.25
72.326
96.959
31.876
97.316
112.172
13.039
31.008
31.282
30.773
11.694
0.679
87.895
97.471
64.871
13.129
81.488
91.133
228.176
111.311
118.857
30.035
134.721
78.293
39.74
103.453
105.45
109.429
89.598
71.539
30.126
104.692
284.644
109.596
93.81
127.744
33.323
95.742
75.1
36.586
90.193
89.409
80.023
92.655
7.158
108.052
21.996
30.277
0.741
108.758
13.098
134.874
109.878
125.001
93.57
96.385
106.794
13.047
120.649
93.489
116.232
12.996
127.511
30.919
101.693
73.259
118.435
78.881
87.538
75.036
107.834
90.671
262.524
113.715
90.172
20.231
58.075
75.406
82.668
98.282
227.858
82.618
119.983
59.511
92.223
37.308
98.201
216.441
107.553
28.594
31.064
101.215
13.43
99.746
103.472
36.269
12.997
14.878
12.548
109.876
13.842
17.709
29.36
104.29
31.76
99.979
0.011
32.091
234.993
126.761
93.612
89.916
102.387
119.81
111.888
116.705
71.171
29.782
112.572
104.632
93.945
97.181
24.729
117.781
108.977
98.135
81.626
71.435
0.74
94.325
103.848
26.707
84.347
61.497
92.686
85.331
85.496
31.163
6.764
0.01
81.225
98.305
81.661
233.373
32.948
0.521
12.976
74.947
84.533
99.358
109.959
121.939
91.839
131.705
94.362
95.497
105.215
100.715
107.994
97.421
113.133
88.559
106.386
128.178
92.337
128.279
92.455
70.61
34.625
63.977
85.211
79.683
29.701
113.703
86.649
115.421
110.377
109.068
32.954
32.018
94.438
64.511
30.59
95.811
30.437
107.672
144.781
80.078
98.082
113.573
151.054
96.513
12.849
33.214
81.985
94.514
0.58
30.719
6.499
94.928
106.164
101.503
129.283
35.014
109.938
106.25
32.388
108.475
95.437
75.268
42.698
0.654
9.665
0.606
90.67
97.519
74.35
12.468
31.098
100.057
7.301
88.55
30.109
96.043
114.905
105.493
75.343
94.507
236.514
115.908
6.479
99.562
13.203
146.777
110.202
91.123
93.619
131.57
84.363
36.328
23.924
264.434
105.125
389.989
30.809
25.814
0.742
95.452
13.113
161.252
75.599
108.208
87.126
88.779
94.238
12.901
31.902
107.59
36.217
101.491
83.682
92.849
101.672
285.637
91.917
79.104
107.753
12.125
98.089
68.111
104.795
78.3
17.029
12.697
93.93
94.634
85.383
48.744
82.972
112.278
103.726
76.493
63.741
42.99
107.935
79.33
33.414
89.246
103.188
85.26
107.775
102.474
92.155
268.561
101.606
103.107
40.1
131.28
32.423
125.993
139.744
0.756
30.652
13.837
0.574
87.171
119.163
213.272
121.698
99.135
120.024
0.637
54.86
279.851
202.396
92.75
63.977
108.136
78.203
91.92
82.089
17.17
64.083
