version 2
run simpleNet-0-20181107-06:38:10-31696
attr configname simpleNet
attr datetime 20181107-06:38:10
attr experiment simpleNet
attr inifile omnetpp.ini
attr iterationvars ""
attr iterationvarsf ""
attr measurement ""
attr network simpleNet
attr processid 31696
attr repetition 0
attr replication #0
attr resultdir results
attr runnumber 0
attr seedset 0

vector 0 simpleNet.node[0] numInQueue:vector ETV
attr interpolationmode none
attr source numInQueue
attr title "total num in queue, vector"
vector 1 simpleNet.node[0] numProcessed:vector ETV
attr interpolationmode none
attr source numProcessed
attr title "num processed in statRate time, vector"
vector 2 simpleNet.node[1] numInQueue:vector ETV
attr interpolationmode none
attr source numInQueue
attr title "total num in queue, vector"
vector 3 simpleNet.node[1] numProcessed:vector ETV
attr interpolationmode none
attr source numProcessed
attr title "num processed in statRate time, vector"
vector 4 simpleNet.node[2] numInQueue:vector ETV
attr interpolationmode none
attr source numInQueue
attr title "total num in queue, vector"
vector 5 simpleNet.node[2] numProcessed:vector ETV
attr interpolationmode none
attr source numProcessed
attr title "num processed in statRate time, vector"
vector 6 simpleNet.node[3] numInQueue:vector ETV
attr interpolationmode none
attr source numInQueue
attr title "total num in queue, vector"
vector 7 simpleNet.node[3] numProcessed:vector ETV
attr interpolationmode none
attr source numProcessed
attr title "num processed in statRate time, vector"
vector 8 simpleNet.node[0] completionTime:vector ETV
attr interpolationmode none
attr source completionTime
attr title "completionTime, vector"
vector 9 simpleNet.node[3] completionTime:vector ETV
attr interpolationmode none
attr source completionTime
attr title "completionTime, vector"
0	2	0	0
0	1539	0.5	0
0	3543	1	0
0	5547	1.5	0
0	7551	2	0
0	9555	2.5	0
0	11559	3	0
0	13563	3.5	0
0	15567	4	0
0	17571	4.5	0
0	19575	5	0
0	21579	5.5	0
0	23583	6	0
0	25587	6.5	0
0	27591	7	0
0	29595	7.5	0
0	31599	8	0
0	33603	8.5	0
0	35607	9	0
0	37611	9.5	0
0	39613	10	0
0	40085	10.5	0
1	2	0	0
1	1539	0.5	134
1	3543	1	200
1	5547	1.5	200
1	7551	2	200
1	9555	2.5	200
1	11559	3	200
1	13563	3.5	200
1	15567	4	200
1	17571	4.5	200
1	19575	5	200
1	21579	5.5	200
1	23583	6	200
1	25587	6.5	200
1	27591	7	200
1	29595	7.5	200
1	31599	8	200
1	33603	8.5	200
1	35607	9	200
1	37611	9.5	200
1	39613	10	200
1	40085	10.5	66
2	3	0	0
2	1540	0.5	0
2	3544	1	0
2	5548	1.5	0
2	7552	2	0
2	9556	2.5	0
2	11560	3	0
2	13564	3.5	0
2	15568	4	0
2	17572	4.5	0
2	19576	5	0
2	21580	5.5	0
2	23584	6	0
2	25588	6.5	0
2	27592	7	0
2	29596	7.5	0
2	31600	8	0
2	33604	8.5	0
2	35608	9	0
2	37612	9.5	0
2	39614	10	0
2	40086	10.5	0
3	3	0	0
3	1540	0.5	268
3	3544	1	400
3	5548	1.5	400
3	7552	2	400
3	9556	2.5	400
3	11560	3	400
3	13564	3.5	400
3	15568	4	400
3	17572	4.5	400
3	19576	5	400
3	21580	5.5	400
3	23584	6	400
3	25588	6.5	400
3	27592	7	400
3	29596	7.5	400
3	31600	8	400
3	33604	8.5	400
3	35608	9	400
3	37612	9.5	400
3	39614	10	400
3	40086	10.5	132
4	4	0	0
4	1541	0.5	0
4	3545	1	0
4	5549	1.5	0
4	7553	2	0
4	9557	2.5	0
4	11561	3	0
4	13565	3.5	0
4	15569	4	0
4	17573	4.5	0
4	19577	5	0
4	21581	5.5	0
4	23585	6	0
4	25589	6.5	0
4	27593	7	0
4	29597	7.5	0
4	31601	8	0
4	33605	8.5	0
4	35609	9	0
4	37613	9.5	0
4	39615	10	0
4	40087	10.5	0
5	4	0	0
5	1541	0.5	268
5	3545	1	400
5	5549	1.5	400
5	7553	2	400
5	9557	2.5	400
5	11561	3	400
5	13565	3.5	400
5	15569	4	400
5	17573	4.5	400
5	19577	5	400
5	21581	5.5	400
5	23585	6	400
5	25589	6.5	400
5	27593	7	400
5	29597	7.5	400
5	31601	8	400
5	33605	8.5	400
5	35609	9	400
5	37613	9.5	400
5	39615	10	400
5	40087	10.5	132
6	6	0	0
6	1542	0.5	0
6	3546	1	0
6	5550	1.5	0
6	7554	2	0
6	9558	2.5	0
6	11562	3	0
6	13566	3.5	0
6	15570	4	0
6	17574	4.5	0
6	19578	5	0
6	21582	5.5	0
6	23586	6	0
6	25590	6.5	0
6	27594	7	0
6	29598	7.5	0
6	31602	8	0
6	33606	8.5	0
6	35610	9	0
6	37614	9.5	0
6	39616	10	0
6	40088	10.5	0
7	6	0	0
7	1542	0.5	134
7	3546	1	200
7	5550	1.5	200
7	7554	2	200
7	9558	2.5	200
7	11562	3	200
7	13566	3.5	200
7	15570	4	200
7	17574	4.5	200
7	19578	5	200
7	21582	5.5	200
7	23586	6	200
7	25590	6.5	200
7	27594	7	200
7	29598	7.5	200
7	31602	8	200
7	33606	8.5	200
7	35610	9	200
7	37614	9.5	200
7	39616	10	200
7	40088	10.5	66
8	284	0.18	0.18
8	302	0.185	0.18
8	320	0.19	0.18
8	338	0.195	0.18
8	356	0.2	0.18
8	374	0.205	0.18
8	392	0.21	0.18
8	412	0.215	0.18
8	432	0.22	0.18
8	452	0.225	0.18
8	472	0.23	0.18
8	492	0.235	0.18
8	512	0.24	0.18
8	532	0.245	0.18
8	552	0.25	0.18
8	572	0.255	0.18
8	592	0.26	0.18
8	612	0.265	0.18
8	632	0.27	0.18
8	652	0.275	0.18
8	672	0.28	0.18
8	692	0.285	0.18
8	712	0.29	0.18
8	732	0.295	0.18
8	752	0.3	0.18
8	772	0.305	0.18
8	792	0.31	0.18
8	812	0.315	0.18
8	832	0.32	0.18
8	852	0.325	0.18
8	872	0.33	0.18
8	892	0.335	0.18
8	912	0.34	0.18
8	932	0.345	0.18
8	952	0.35	0.18
8	972	0.355	0.18
8	992	0.36	0.18
8	1012	0.365	0.18
8	1032	0.37	0.18
8	1052	0.375	0.18
8	1072	0.38	0.18
8	1092	0.385	0.18
8	1112	0.39	0.18
8	1132	0.395	0.18
8	1152	0.4	0.18
8	1172	0.405	0.18
8	1192	0.41	0.18
8	1212	0.415	0.18
8	1232	0.42	0.18
8	1252	0.425	0.18
8	1272	0.43	0.18
8	1292	0.435	0.18
8	1312	0.44	0.18
8	1332	0.445	0.18
8	1352	0.45	0.18
8	1372	0.455	0.18
8	1392	0.46	0.18
8	1412	0.465	0.18
8	1432	0.47	0.18
8	1452	0.475	0.18
8	1472	0.48	0.18
8	1492	0.485	0.18
8	1512	0.49	0.18
8	1532	0.495	0.18
8	1556	0.5	0.18
8	1576	0.505	0.18
8	1596	0.51	0.18
8	1616	0.515	0.18
8	1636	0.52	0.18
8	1656	0.525	0.18
8	1676	0.53	0.18
8	1696	0.535	0.18
8	1716	0.54	0.18
8	1736	0.545	0.18
8	1756	0.55	0.18
8	1776	0.555	0.18
8	1796	0.56	0.18
8	1816	0.565	0.18
8	1836	0.57	0.18
8	1856	0.575	0.18
8	1876	0.58	0.18
8	1896	0.585	0.18
8	1916	0.59	0.18
8	1936	0.595	0.18
8	1956	0.6	0.18
8	1976	0.605	0.18
8	1996	0.61	0.18
8	2016	0.615	0.18
8	2036	0.62	0.18
8	2056	0.625	0.18
8	2076	0.63	0.18
8	2096	0.635	0.18
8	2116	0.64	0.18
8	2136	0.645	0.18
8	2156	0.65	0.18
8	2176	0.655	0.18
8	2196	0.66	0.18
8	2216	0.665	0.18
8	2236	0.67	0.18
8	2256	0.675	0.18
8	2276	0.68	0.18
8	2296	0.685	0.18
8	2316	0.69	0.18
8	2336	0.695	0.18
8	2356	0.7	0.18
8	2376	0.705	0.18
8	2396	0.71	0.18
8	2416	0.715	0.18
8	2436	0.72	0.18
8	2456	0.725	0.18
8	2476	0.73	0.18
8	2496	0.735	0.18
8	2516	0.74	0.18
8	2536	0.745	0.18
8	2556	0.75	0.18
8	2576	0.755	0.18
8	2596	0.76	0.18
8	2616	0.765	0.18
8	2636	0.77	0.18
8	2656	0.775	0.18
8	2676	0.78	0.18
8	2696	0.785	0.18
8	2716	0.79	0.18
8	2736	0.795	0.18
8	2756	0.8	0.18
8	2776	0.805	0.18
8	2796	0.81	0.18
8	2816	0.815	0.18
8	2836	0.82	0.18
8	2856	0.825	0.18
8	2876	0.83	0.18
8	2896	0.835	0.18
8	2916	0.84	0.18
8	2936	0.845	0.18
8	2956	0.85	0.18
8	2976	0.855	0.18
8	2996	0.86	0.18
8	3016	0.865	0.18
8	3036	0.87	0.18
8	3056	0.875	0.18
8	3076	0.88	0.18
8	3096	0.885	0.18
8	3116	0.89	0.18
8	3136	0.895	0.18
8	3156	0.9	0.18
8	3176	0.905	0.18
8	3196	0.91	0.18
8	3216	0.915	0.18
8	3236	0.92	0.18
8	3256	0.925	0.18
8	3276	0.93	0.18
8	3296	0.935	0.18
8	3316	0.94	0.18
8	3336	0.945	0.18
8	3356	0.95	0.18
8	3376	0.955	0.18
8	3396	0.96	0.18
8	3416	0.965	0.18
8	3436	0.97	0.18
8	3456	0.975	0.18
8	3476	0.98	0.18
8	3496	0.985	0.18
8	3516	0.99	0.18
8	3536	0.995	0.18
8	3560	1	0.18
8	3580	1.005	0.18
8	3600	1.01	0.18
8	3620	1.015	0.18
8	3640	1.02	0.18
8	3660	1.025	0.18
8	3680	1.03	0.18
8	3700	1.035	0.18
8	3720	1.04	0.18
8	3740	1.045	0.18
8	3760	1.05	0.18
8	3780	1.055	0.18
8	3800	1.06	0.18
8	3820	1.065	0.18
8	3840	1.07	0.18
8	3860	1.075	0.18
8	3880	1.08	0.18
8	3900	1.085	0.18
8	3920	1.09	0.18
8	3940	1.095	0.18
8	3960	1.1	0.18
8	3980	1.105	0.18
8	4000	1.11	0.18
8	4020	1.115	0.18
8	4040	1.12	0.18
8	4060	1.125	0.18
8	4080	1.13	0.18
8	4100	1.135	0.18
8	4120	1.14	0.18
8	4140	1.145	0.18
8	4160	1.15	0.18
8	4180	1.155	0.18
8	4200	1.16	0.18
8	4220	1.165	0.18
8	4240	1.17	0.18
8	4260	1.175	0.18
8	4280	1.18	0.18
8	4300	1.185	0.18
8	4320	1.19	0.18
8	4340	1.195	0.18
8	4360	1.2	0.18
8	4380	1.205	0.18
8	4400	1.21	0.18
8	4420	1.215	0.18
8	4440	1.22	0.18
8	4460	1.225	0.18
8	4480	1.23	0.18
8	4500	1.235	0.18
8	4520	1.24	0.18
8	4540	1.245	0.18
8	4560	1.25	0.18
8	4580	1.255	0.18
8	4600	1.26	0.18
8	4620	1.265	0.18
8	4640	1.27	0.18
8	4660	1.275	0.18
8	4680	1.28	0.18
8	4700	1.285	0.18
8	4720	1.29	0.18
8	4740	1.295	0.18
8	4760	1.3	0.18
8	4780	1.305	0.18
8	4800	1.31	0.18
8	4820	1.315	0.18
8	4840	1.32	0.18
8	4860	1.325	0.18
8	4880	1.33	0.18
8	4900	1.335	0.18
8	4920	1.34	0.18
8	4940	1.345	0.18
8	4960	1.35	0.18
8	4980	1.355	0.18
8	5000	1.36	0.18
8	5020	1.365	0.18
8	5040	1.37	0.18
8	5060	1.375	0.18
8	5080	1.38	0.18
8	5100	1.385	0.18
8	5120	1.39	0.18
8	5140	1.395	0.18
8	5160	1.4	0.18
8	5180	1.405	0.18
8	5200	1.41	0.18
8	5220	1.415	0.18
8	5240	1.42	0.18
8	5260	1.425	0.18
8	5280	1.43	0.18
8	5300	1.435	0.18
8	5320	1.44	0.18
8	5340	1.445	0.18
8	5360	1.45	0.18
8	5380	1.455	0.18
8	5400	1.46	0.18
8	5420	1.465	0.18
8	5440	1.47	0.18
8	5460	1.475	0.18
8	5480	1.48	0.18
8	5500	1.485	0.18
8	5520	1.49	0.18
8	5540	1.495	0.18
8	5564	1.5	0.18
8	5584	1.505	0.18
8	5604	1.51	0.18
8	5624	1.515	0.18
8	5644	1.52	0.18
8	5664	1.525	0.18
8	5684	1.53	0.18
8	5704	1.535	0.18
8	5724	1.54	0.18
8	5744	1.545	0.18
8	5764	1.55	0.18
8	5784	1.555	0.18
8	5804	1.56	0.18
8	5824	1.565	0.18
8	5844	1.57	0.18
8	5864	1.575	0.18
8	5884	1.58	0.18
8	5904	1.585	0.18
8	5924	1.59	0.18
8	5944	1.595	0.18
8	5964	1.6	0.18
8	5984	1.605	0.18
8	6004	1.61	0.18
8	6024	1.615	0.18
8	6044	1.62	0.18
8	6064	1.625	0.18
8	6084	1.63	0.18
8	6104	1.635	0.18
8	6124	1.64	0.18
8	6144	1.645	0.18
8	6164	1.65	0.18
8	6184	1.655	0.18
8	6204	1.66	0.18
8	6224	1.665	0.18
8	6244	1.67	0.18
8	6264	1.675	0.18
8	6284	1.68	0.18
8	6304	1.685	0.18
8	6324	1.69	0.18
8	6344	1.695	0.18
8	6364	1.7	0.18
8	6384	1.705	0.18
8	6404	1.71	0.18
8	6424	1.715	0.18
8	6444	1.72	0.18
8	6464	1.725	0.18
8	6484	1.73	0.18
8	6504	1.735	0.18
8	6524	1.74	0.18
8	6544	1.745	0.18
8	6564	1.75	0.18
8	6584	1.755	0.18
8	6604	1.76	0.18
8	6624	1.765	0.18
8	6644	1.77	0.18
8	6664	1.775	0.18
8	6684	1.78	0.18
8	6704	1.785	0.18
8	6724	1.79	0.18
8	6744	1.795	0.18
8	6764	1.8	0.18
8	6784	1.805	0.18
8	6804	1.81	0.18
8	6824	1.815	0.18
8	6844	1.82	0.18
8	6864	1.825	0.18
8	6884	1.83	0.18
8	6904	1.835	0.18
8	6924	1.84	0.18
8	6944	1.845	0.18
8	6964	1.85	0.18
8	6984	1.855	0.18
8	7004	1.86	0.18
8	7024	1.865	0.18
8	7044	1.87	0.18
8	7064	1.875	0.18
8	7084	1.88	0.18
8	7104	1.885	0.18
8	7124	1.89	0.18
8	7144	1.895	0.18
8	7164	1.9	0.18
8	7184	1.905	0.18
8	7204	1.91	0.18
8	7224	1.915	0.18
8	7244	1.92	0.18
8	7264	1.925	0.18
8	7284	1.93	0.18
8	7304	1.935	0.18
8	7324	1.94	0.18
8	7344	1.945	0.18
8	7364	1.95	0.18
8	7384	1.955	0.18
8	7404	1.96	0.18
8	7424	1.965	0.18
8	7444	1.97	0.18
8	7464	1.975	0.18
8	7484	1.98	0.18
8	7504	1.985	0.18
8	7524	1.99	0.18
8	7544	1.995	0.18
8	7568	2	0.18
8	7588	2.005	0.18
8	7608	2.01	0.18
8	7628	2.015	0.18
8	7648	2.02	0.18
8	7668	2.025	0.18
8	7688	2.03	0.18
8	7708	2.035	0.18
8	7728	2.04	0.18
8	7748	2.045	0.18
8	7768	2.05	0.18
8	7788	2.055	0.18
8	7808	2.06	0.18
8	7828	2.065	0.18
8	7848	2.07	0.18
8	7868	2.075	0.18
8	7888	2.08	0.18
8	7908	2.085	0.18
8	7928	2.09	0.18
8	7948	2.095	0.18
8	7968	2.1	0.18
8	7988	2.105	0.18
8	8008	2.11	0.18
8	8028	2.115	0.18
8	8048	2.12	0.18
8	8068	2.125	0.18
8	8088	2.13	0.18
8	8108	2.135	0.18
8	8128	2.14	0.18
8	8148	2.145	0.18
8	8168	2.15	0.18
8	8188	2.155	0.18
8	8208	2.16	0.18
8	8228	2.165	0.18
8	8248	2.17	0.18
8	8268	2.175	0.18
8	8288	2.18	0.18
8	8308	2.185	0.18
8	8328	2.19	0.18
8	8348	2.195	0.18
8	8368	2.2	0.18
8	8388	2.205	0.18
8	8408	2.21	0.18
8	8428	2.215	0.18
8	8448	2.22	0.18
8	8468	2.225	0.18
8	8488	2.23	0.18
8	8508	2.235	0.18
8	8528	2.24	0.18
8	8548	2.245	0.18
8	8568	2.25	0.18
8	8588	2.255	0.18
8	8608	2.26	0.18
8	8628	2.265	0.18
8	8648	2.27	0.18
8	8668	2.275	0.18
8	8688	2.28	0.18
8	8708	2.285	0.18
8	8728	2.29	0.18
8	8748	2.295	0.18
8	8768	2.3	0.18
8	8788	2.305	0.18
8	8808	2.31	0.18
8	8828	2.315	0.18
8	8848	2.32	0.18
8	8868	2.325	0.18
8	8888	2.33	0.18
8	8908	2.335	0.18
8	8928	2.34	0.18
8	8948	2.345	0.18
8	8968	2.35	0.18
8	8988	2.355	0.18
8	9008	2.36	0.18
8	9028	2.365	0.18
8	9048	2.37	0.18
8	9068	2.375	0.18
8	9088	2.38	0.18
8	9108	2.385	0.18
8	9128	2.39	0.18
8	9148	2.395	0.18
8	9168	2.4	0.18
8	9188	2.405	0.18
8	9208	2.41	0.18
8	9228	2.415	0.18
8	9248	2.42	0.18
8	9268	2.425	0.18
8	9288	2.43	0.18
8	9308	2.435	0.18
8	9328	2.44	0.18
8	9348	2.445	0.18
8	9368	2.45	0.18
8	9388	2.455	0.18
8	9408	2.46	0.18
8	9428	2.465	0.18
8	9448	2.47	0.18
8	9468	2.475	0.18
8	9488	2.48	0.18
8	9508	2.485	0.18
8	9528	2.49	0.18
8	9548	2.495	0.18
8	9572	2.5	0.18
8	9592	2.505	0.18
8	9612	2.51	0.18
8	9632	2.515	0.18
8	9652	2.52	0.18
8	9672	2.525	0.18
8	9692	2.53	0.18
8	9712	2.535	0.18
8	9732	2.54	0.18
8	9752	2.545	0.18
8	9772	2.55	0.18
8	9792	2.555	0.18
8	9812	2.56	0.18
8	9832	2.565	0.18
8	9852	2.57	0.18
8	9872	2.575	0.18
8	9892	2.58	0.18
8	9912	2.585	0.18
8	9932	2.59	0.18
8	9952	2.595	0.18
8	9972	2.6	0.18
8	9992	2.605	0.18
8	10012	2.61	0.18
8	10032	2.615	0.18
8	10052	2.62	0.18
8	10072	2.625	0.18
8	10092	2.63	0.18
8	10112	2.635	0.18
8	10132	2.64	0.18
8	10152	2.645	0.18
8	10172	2.65	0.18
8	10192	2.655	0.18
8	10212	2.66	0.18
8	10232	2.665	0.18
8	10252	2.67	0.18
8	10272	2.675	0.18
8	10292	2.68	0.18
8	10312	2.685	0.18
8	10332	2.69	0.18
8	10352	2.695	0.18
8	10372	2.7	0.18
8	10392	2.705	0.18
8	10412	2.71	0.18
8	10432	2.715	0.18
8	10452	2.72	0.18
8	10472	2.725	0.18
8	10492	2.73	0.18
8	10512	2.735	0.18
8	10532	2.74	0.18
8	10552	2.745	0.18
8	10572	2.75	0.18
8	10592	2.755	0.18
8	10612	2.76	0.18
8	10632	2.765	0.18
8	10652	2.77	0.18
8	10672	2.775	0.18
8	10692	2.78	0.18
8	10712	2.785	0.18
8	10732	2.79	0.18
8	10752	2.795	0.18
8	10772	2.8	0.18
8	10792	2.805	0.18
8	10812	2.81	0.18
8	10832	2.815	0.18
8	10852	2.82	0.18
8	10872	2.825	0.18
8	10892	2.83	0.18
8	10912	2.835	0.18
8	10932	2.84	0.18
8	10952	2.845	0.18
8	10972	2.85	0.18
8	10992	2.855	0.18
8	11012	2.86	0.18
8	11032	2.865	0.18
8	11052	2.87	0.18
8	11072	2.875	0.18
8	11092	2.88	0.18
8	11112	2.885	0.18
8	11132	2.89	0.18
8	11152	2.895	0.18
8	11172	2.9	0.18
8	11192	2.905	0.18
8	11212	2.91	0.18
8	11232	2.915	0.18
8	11252	2.92	0.18
8	11272	2.925	0.18
8	11292	2.93	0.18
8	11312	2.935	0.18
8	11332	2.94	0.18
8	11352	2.945	0.18
8	11372	2.95	0.18
8	11392	2.955	0.18
8	11412	2.96	0.18
8	11432	2.965	0.18
8	11452	2.97	0.18
8	11472	2.975	0.18
8	11492	2.98	0.18
8	11512	2.985	0.18
8	11532	2.99	0.18
8	11552	2.995	0.18
8	11576	3	0.18
8	11596	3.005	0.18
8	11616	3.01	0.18
8	11636	3.015	0.18
8	11656	3.02	0.18
8	11676	3.025	0.18
8	11696	3.03	0.18
8	11716	3.035	0.18
8	11736	3.04	0.18
8	11756	3.045	0.18
8	11776	3.05	0.18
8	11796	3.055	0.18
8	11816	3.06	0.18
8	11836	3.065	0.18
8	11856	3.07	0.18
8	11876	3.075	0.18
8	11896	3.08	0.18
8	11916	3.085	0.18
8	11936	3.09	0.18
8	11956	3.095	0.18
8	11976	3.1	0.18
8	11996	3.105	0.18
8	12016	3.11	0.18
8	12036	3.115	0.18
8	12056	3.12	0.18
8	12076	3.125	0.18
8	12096	3.13	0.18
8	12116	3.135	0.18
8	12136	3.14	0.18
8	12156	3.145	0.18
8	12176	3.15	0.18
8	12196	3.155	0.18
8	12216	3.16	0.18
8	12236	3.165	0.18
8	12256	3.17	0.18
8	12276	3.175	0.18
8	12296	3.18	0.18
8	12316	3.185	0.18
8	12336	3.19	0.18
8	12356	3.195	0.18
8	12376	3.2	0.18
8	12396	3.205	0.18
8	12416	3.21	0.18
8	12436	3.215	0.18
8	12456	3.22	0.18
8	12476	3.225	0.18
8	12496	3.23	0.18
8	12516	3.235	0.18
8	12536	3.24	0.18
8	12556	3.245	0.18
8	12576	3.25	0.18
8	12596	3.255	0.18
8	12616	3.26	0.18
8	12636	3.265	0.18
8	12656	3.27	0.18
8	12676	3.275	0.18
8	12696	3.28	0.18
8	12716	3.285	0.18
8	12736	3.29	0.18
8	12756	3.295	0.18
8	12776	3.3	0.18
8	12796	3.305	0.18
8	12816	3.31	0.18
8	12836	3.315	0.18
8	12856	3.32	0.18
8	12876	3.325	0.18
8	12896	3.33	0.18
8	12916	3.335	0.18
8	12936	3.34	0.18
8	12956	3.345	0.18
8	12976	3.35	0.18
8	12996	3.355	0.18
8	13016	3.36	0.18
8	13036	3.365	0.18
8	13056	3.37	0.18
8	13076	3.375	0.18
8	13096	3.38	0.18
8	13116	3.385	0.18
8	13136	3.39	0.18
8	13156	3.395	0.18
8	13176	3.4	0.18
8	13196	3.405	0.18
8	13216	3.41	0.18
8	13236	3.415	0.18
8	13256	3.42	0.18
8	13276	3.425	0.18
8	13296	3.43	0.18
8	13316	3.435	0.18
8	13336	3.44	0.18
8	13356	3.445	0.18
8	13376	3.45	0.18
8	13396	3.455	0.18
8	13416	3.46	0.18
8	13436	3.465	0.18
8	13456	3.47	0.18
8	13476	3.475	0.18
8	13496	3.48	0.18
8	13516	3.485	0.18
8	13536	3.49	0.18
8	13556	3.495	0.18
8	13580	3.5	0.18
8	13600	3.505	0.18
8	13620	3.51	0.18
8	13640	3.515	0.18
8	13660	3.52	0.18
8	13680	3.525	0.18
8	13700	3.53	0.18
8	13720	3.535	0.18
8	13740	3.54	0.18
8	13760	3.545	0.18
8	13780	3.55	0.18
8	13800	3.555	0.18
8	13820	3.56	0.18
8	13840	3.565	0.18
8	13860	3.57	0.18
8	13880	3.575	0.18
8	13900	3.58	0.18
8	13920	3.585	0.18
8	13940	3.59	0.18
8	13960	3.595	0.18
8	13980	3.6	0.18
8	14000	3.605	0.18
8	14020	3.61	0.18
8	14040	3.615	0.18
8	14060	3.62	0.18
8	14080	3.625	0.18
8	14100	3.63	0.18
8	14120	3.635	0.18
8	14140	3.64	0.18
8	14160	3.645	0.18
8	14180	3.65	0.18
8	14200	3.655	0.18
8	14220	3.66	0.18
8	14240	3.665	0.18
8	14260	3.67	0.18
8	14280	3.675	0.18
8	14300	3.68	0.18
8	14320	3.685	0.18
8	14340	3.69	0.18
8	14360	3.695	0.18
8	14380	3.7	0.18
8	14400	3.705	0.18
8	14420	3.71	0.18
8	14440	3.715	0.18
8	14460	3.72	0.18
8	14480	3.725	0.18
8	14500	3.73	0.18
8	14520	3.735	0.18
8	14540	3.74	0.18
8	14560	3.745	0.18
8	14580	3.75	0.18
8	14600	3.755	0.18
8	14620	3.76	0.18
8	14640	3.765	0.18
8	14660	3.77	0.18
8	14680	3.775	0.18
8	14700	3.78	0.18
8	14720	3.785	0.18
8	14740	3.79	0.18
8	14760	3.795	0.18
8	14780	3.8	0.18
8	14800	3.805	0.18
8	14820	3.81	0.18
8	14840	3.815	0.18
8	14860	3.82	0.18
8	14880	3.825	0.18
8	14900	3.83	0.18
8	14920	3.835	0.18
8	14940	3.84	0.18
8	14960	3.845	0.18
8	14980	3.85	0.18
8	15000	3.855	0.18
8	15020	3.86	0.18
8	15040	3.865	0.18
8	15060	3.87	0.18
8	15080	3.875	0.18
8	15100	3.88	0.18
8	15120	3.885	0.18
8	15140	3.89	0.18
8	15160	3.895	0.18
8	15180	3.9	0.18
8	15200	3.905	0.18
8	15220	3.91	0.18
8	15240	3.915	0.18
8	15260	3.92	0.18
8	15280	3.925	0.18
8	15300	3.93	0.18
8	15320	3.935	0.18
8	15340	3.94	0.18
8	15360	3.945	0.18
8	15380	3.95	0.18
8	15400	3.955	0.18
8	15420	3.96	0.18
8	15440	3.965	0.18
8	15460	3.97	0.18
8	15480	3.975	0.18
8	15500	3.98	0.18
8	15520	3.985	0.18
8	15540	3.99	0.18
8	15560	3.995	0.18
8	15584	4	0.18
8	15604	4.005	0.18
8	15624	4.01	0.18
8	15644	4.015	0.18
8	15664	4.02	0.18
8	15684	4.025	0.18
8	15704	4.03	0.18
8	15724	4.035	0.18
8	15744	4.04	0.18
8	15764	4.045	0.18
8	15784	4.05	0.18
8	15804	4.055	0.18
8	15824	4.06	0.18
8	15844	4.065	0.18
8	15864	4.07	0.18
8	15884	4.075	0.18
8	15904	4.08	0.18
8	15924	4.085	0.18
8	15944	4.09	0.18
8	15964	4.095	0.18
8	15984	4.1	0.18
8	16004	4.105	0.18
8	16024	4.11	0.18
8	16044	4.115	0.18
8	16064	4.12	0.18
8	16084	4.125	0.18
8	16104	4.13	0.18
8	16124	4.135	0.18
8	16144	4.14	0.18
8	16164	4.145	0.18
8	16184	4.15	0.18
8	16204	4.155	0.18
8	16224	4.16	0.18
8	16244	4.165	0.18
8	16264	4.17	0.18
8	16284	4.175	0.18
8	16304	4.18	0.18
8	16324	4.185	0.18
8	16344	4.19	0.18
8	16364	4.195	0.18
8	16384	4.2	0.18
8	16404	4.205	0.18
8	16424	4.21	0.18
8	16444	4.215	0.18
8	16464	4.22	0.18
8	16484	4.225	0.18
8	16504	4.23	0.18
8	16524	4.235	0.18
8	16544	4.24	0.18
8	16564	4.245	0.18
8	16584	4.25	0.18
8	16604	4.255	0.18
8	16624	4.26	0.18
8	16644	4.265	0.18
8	16664	4.27	0.18
8	16684	4.275	0.18
8	16704	4.28	0.18
8	16724	4.285	0.18
8	16744	4.29	0.18
8	16764	4.295	0.18
8	16784	4.3	0.18
8	16804	4.305	0.18
8	16824	4.31	0.18
8	16844	4.315	0.18
8	16864	4.32	0.18
8	16884	4.325	0.18
8	16904	4.33	0.18
8	16924	4.335	0.18
8	16944	4.34	0.18
8	16964	4.345	0.18
8	16984	4.35	0.18
8	17004	4.355	0.18
8	17024	4.36	0.18
8	17044	4.365	0.18
8	17064	4.37	0.18
8	17084	4.375	0.18
8	17104	4.38	0.18
8	17124	4.385	0.18
8	17144	4.39	0.18
8	17164	4.395	0.18
8	17184	4.4	0.18
8	17204	4.405	0.18
8	17224	4.41	0.18
8	17244	4.415	0.18
8	17264	4.42	0.18
8	17284	4.425	0.18
8	17304	4.43	0.18
8	17324	4.435	0.18
8	17344	4.44	0.18
8	17364	4.445	0.18
8	17384	4.45	0.18
8	17404	4.455	0.18
8	17424	4.46	0.18
8	17444	4.465	0.18
8	17464	4.47	0.18
8	17484	4.475	0.18
8	17504	4.48	0.18
8	17524	4.485	0.18
8	17544	4.49	0.18
8	17564	4.495	0.18
8	17588	4.5	0.18
8	17608	4.505	0.18
8	17628	4.51	0.18
8	17648	4.515	0.18
8	17668	4.52	0.18
8	17688	4.525	0.18
8	17708	4.53	0.18
8	17728	4.535	0.18
8	17748	4.54	0.18
8	17768	4.545	0.18
8	17788	4.55	0.18
8	17808	4.555	0.18
8	17828	4.56	0.18
8	17848	4.565	0.18
8	17868	4.57	0.18
8	17888	4.575	0.18
8	17908	4.58	0.18
8	17928	4.585	0.18
8	17948	4.59	0.18
8	17968	4.595	0.18
8	17988	4.6	0.18
8	18008	4.605	0.18
8	18028	4.61	0.18
8	18048	4.615	0.18
8	18068	4.62	0.18
8	18088	4.625	0.18
8	18108	4.63	0.18
8	18128	4.635	0.18
8	18148	4.64	0.18
8	18168	4.645	0.18
8	18188	4.65	0.18
8	18208	4.655	0.18
8	18228	4.66	0.18
8	18248	4.665	0.18
8	18268	4.67	0.18
8	18288	4.675	0.18
8	18308	4.68	0.18
8	18328	4.685	0.18
8	18348	4.69	0.18
8	18368	4.695	0.18
8	18388	4.7	0.18
8	18408	4.705	0.18
8	18428	4.71	0.18
8	18448	4.715	0.18
8	18468	4.72	0.18
8	18488	4.725	0.18
8	18508	4.73	0.18
8	18528	4.735	0.18
8	18548	4.74	0.18
8	18568	4.745	0.18
8	18588	4.75	0.18
8	18608	4.755	0.18
8	18628	4.76	0.18
8	18648	4.765	0.18
8	18668	4.77	0.18
8	18688	4.775	0.18
8	18708	4.78	0.18
8	18728	4.785	0.18
8	18748	4.79	0.18
8	18768	4.795	0.18
8	18788	4.8	0.18
8	18808	4.805	0.18
8	18828	4.81	0.18
8	18848	4.815	0.18
8	18868	4.82	0.18
8	18888	4.825	0.18
8	18908	4.83	0.18
8	18928	4.835	0.18
8	18948	4.84	0.18
8	18968	4.845	0.18
8	18988	4.85	0.18
8	19008	4.855	0.18
8	19028	4.86	0.18
8	19048	4.865	0.18
8	19068	4.87	0.18
8	19088	4.875	0.18
8	19108	4.88	0.18
8	19128	4.885	0.18
8	19148	4.89	0.18
8	19168	4.895	0.18
8	19188	4.9	0.18
8	19208	4.905	0.18
8	19228	4.91	0.18
8	19248	4.915	0.18
8	19268	4.92	0.18
8	19288	4.925	0.18
8	19308	4.93	0.18
8	19328	4.935	0.18
8	19348	4.94	0.18
8	19368	4.945	0.18
8	19388	4.95	0.18
8	19408	4.955	0.18
8	19428	4.96	0.18
8	19448	4.965	0.18
8	19468	4.97	0.18
8	19488	4.975	0.18
8	19508	4.98	0.18
8	19528	4.985	0.18
8	19548	4.99	0.18
8	19568	4.995	0.18
8	19592	5	0.18
8	19612	5.005	0.18
8	19632	5.01	0.18
8	19652	5.015	0.18
8	19672	5.02	0.18
8	19692	5.025	0.18
8	19712	5.03	0.18
8	19732	5.035	0.18
8	19752	5.04	0.18
8	19772	5.045	0.18
8	19792	5.05	0.18
8	19812	5.055	0.18
8	19832	5.06	0.18
8	19852	5.065	0.18
8	19872	5.07	0.18
8	19892	5.075	0.18
8	19912	5.08	0.18
8	19932	5.085	0.18
8	19952	5.09	0.18
8	19972	5.095	0.18
8	19992	5.1	0.18
8	20012	5.105	0.18
8	20032	5.11	0.18
8	20052	5.115	0.18
8	20072	5.12	0.18
8	20092	5.125	0.18
8	20112	5.13	0.18
8	20132	5.135	0.18
8	20152	5.14	0.18
8	20172	5.145	0.18
8	20192	5.15	0.18
8	20212	5.155	0.18
8	20232	5.16	0.18
8	20252	5.165	0.18
8	20272	5.17	0.18
8	20292	5.175	0.18
8	20312	5.18	0.18
8	20332	5.185	0.18
8	20352	5.19	0.18
8	20372	5.195	0.18
8	20392	5.2	0.18
8	20412	5.205	0.18
8	20432	5.21	0.18
8	20452	5.215	0.18
8	20472	5.22	0.18
8	20492	5.225	0.18
8	20512	5.23	0.18
8	20532	5.235	0.18
8	20552	5.24	0.18
8	20572	5.245	0.18
8	20592	5.25	0.18
8	20612	5.255	0.18
8	20632	5.26	0.18
8	20652	5.265	0.18
8	20672	5.27	0.18
8	20692	5.275	0.18
8	20712	5.28	0.18
8	20732	5.285	0.18
8	20752	5.29	0.18
8	20772	5.295	0.18
8	20792	5.3	0.18
8	20812	5.305	0.18
8	20832	5.31	0.18
8	20852	5.315	0.18
8	20872	5.32	0.18
8	20892	5.325	0.18
8	20912	5.33	0.18
8	20932	5.335	0.18
8	20952	5.34	0.18
8	20972	5.345	0.18
8	20992	5.35	0.18
8	21012	5.355	0.18
8	21032	5.36	0.18
8	21052	5.365	0.18
8	21072	5.37	0.18
8	21092	5.375	0.18
8	21112	5.38	0.18
8	21132	5.385	0.18
8	21152	5.39	0.18
8	21172	5.395	0.18
8	21192	5.4	0.18
8	21212	5.405	0.18
8	21232	5.41	0.18
8	21252	5.415	0.18
8	21272	5.42	0.18
8	21292	5.425	0.18
8	21312	5.43	0.18
8	21332	5.435	0.18
8	21352	5.44	0.18
8	21372	5.445	0.18
8	21392	5.45	0.18
8	21412	5.455	0.18
8	21432	5.46	0.18
8	21452	5.465	0.18
8	21472	5.47	0.18
8	21492	5.475	0.18
8	21512	5.48	0.18
8	21532	5.485	0.18
8	21552	5.49	0.18
8	21572	5.495	0.18
8	21596	5.5	0.18
8	21616	5.505	0.18
8	21636	5.51	0.18
8	21656	5.515	0.18
8	21676	5.52	0.18
8	21696	5.525	0.18
8	21716	5.53	0.18
8	21736	5.535	0.18
8	21756	5.54	0.18
8	21776	5.545	0.18
8	21796	5.55	0.18
8	21816	5.555	0.18
8	21836	5.56	0.18
8	21856	5.565	0.18
8	21876	5.57	0.18
8	21896	5.575	0.18
8	21916	5.58	0.18
8	21936	5.585	0.18
8	21956	5.59	0.18
8	21976	5.595	0.18
8	21996	5.6	0.18
8	22016	5.605	0.18
8	22036	5.61	0.18
8	22056	5.615	0.18
8	22076	5.62	0.18
8	22096	5.625	0.18
8	22116	5.63	0.18
8	22136	5.635	0.18
8	22156	5.64	0.18
8	22176	5.645	0.18
8	22196	5.65	0.18
8	22216	5.655	0.18
8	22236	5.66	0.18
8	22256	5.665	0.18
8	22276	5.67	0.18
8	22296	5.675	0.18
8	22316	5.68	0.18
8	22336	5.685	0.18
8	22356	5.69	0.18
8	22376	5.695	0.18
8	22396	5.7	0.18
8	22416	5.705	0.18
8	22436	5.71	0.18
8	22456	5.715	0.18
8	22476	5.72	0.18
8	22496	5.725	0.18
8	22516	5.73	0.18
8	22536	5.735	0.18
8	22556	5.74	0.18
8	22576	5.745	0.18
8	22596	5.75	0.18
8	22616	5.755	0.18
8	22636	5.76	0.18
8	22656	5.765	0.18
8	22676	5.77	0.18
8	22696	5.775	0.18
8	22716	5.78	0.18
8	22736	5.785	0.18
8	22756	5.79	0.18
8	22776	5.795	0.18
8	22796	5.8	0.18
8	22816	5.805	0.18
8	22836	5.81	0.18
8	22856	5.815	0.18
8	22876	5.82	0.18
8	22896	5.825	0.18
8	22916	5.83	0.18
8	22936	5.835	0.18
8	22956	5.84	0.18
8	22976	5.845	0.18
8	22996	5.85	0.18
8	23016	5.855	0.18
8	23036	5.86	0.18
8	23056	5.865	0.18
8	23076	5.87	0.18
8	23096	5.875	0.18
8	23116	5.88	0.18
8	23136	5.885	0.18
8	23156	5.89	0.18
8	23176	5.895	0.18
8	23196	5.9	0.18
8	23216	5.905	0.18
8	23236	5.91	0.18
8	23256	5.915	0.18
8	23276	5.92	0.18
8	23296	5.925	0.18
8	23316	5.93	0.18
8	23336	5.935	0.18
8	23356	5.94	0.18
8	23376	5.945	0.18
8	23396	5.95	0.18
8	23416	5.955	0.18
8	23436	5.96	0.18
8	23456	5.965	0.18
8	23476	5.97	0.18
8	23496	5.975	0.18
8	23516	5.98	0.18
8	23536	5.985	0.18
8	23556	5.99	0.18
8	23576	5.995	0.18
8	23600	6	0.18
8	23620	6.005	0.18
8	23640	6.01	0.18
8	23660	6.015	0.18
8	23680	6.02	0.18
8	23700	6.025	0.18
8	23720	6.03	0.18
8	23740	6.035	0.18
8	23760	6.04	0.18
8	23780	6.045	0.18
8	23800	6.05	0.18
8	23820	6.055	0.18
8	23840	6.06	0.18
8	23860	6.065	0.18
8	23880	6.07	0.18
8	23900	6.075	0.18
8	23920	6.08	0.18
8	23940	6.085	0.18
8	23960	6.09	0.18
8	23980	6.095	0.18
8	24000	6.1	0.18
8	24020	6.105	0.18
8	24040	6.11	0.18
8	24060	6.115	0.18
8	24080	6.12	0.18
8	24100	6.125	0.18
8	24120	6.13	0.18
8	24140	6.135	0.18
8	24160	6.14	0.18
8	24180	6.145	0.18
8	24200	6.15	0.18
8	24220	6.155	0.18
8	24240	6.16	0.18
8	24260	6.165	0.18
8	24280	6.17	0.18
8	24300	6.175	0.18
8	24320	6.18	0.18
8	24340	6.185	0.18
8	24360	6.19	0.18
8	24380	6.195	0.18
8	24400	6.2	0.18
8	24420	6.205	0.18
8	24440	6.21	0.18
8	24460	6.215	0.18
8	24480	6.22	0.18
8	24500	6.225	0.18
8	24520	6.23	0.18
8	24540	6.235	0.18
8	24560	6.24	0.18
8	24580	6.245	0.18
8	24600	6.25	0.18
8	24620	6.255	0.18
8	24640	6.26	0.18
8	24660	6.265	0.18
8	24680	6.27	0.18
8	24700	6.275	0.18
8	24720	6.28	0.18
8	24740	6.285	0.18
8	24760	6.29	0.18
8	24780	6.295	0.18
8	24800	6.3	0.18
8	24820	6.305	0.18
8	24840	6.31	0.18
8	24860	6.315	0.18
8	24880	6.32	0.18
8	24900	6.325	0.18
8	24920	6.33	0.18
8	24940	6.335	0.18
8	24960	6.34	0.18
8	24980	6.345	0.18
8	25000	6.35	0.18
8	25020	6.355	0.18
8	25040	6.36	0.18
8	25060	6.365	0.18
8	25080	6.37	0.18
8	25100	6.375	0.18
8	25120	6.38	0.18
8	25140	6.385	0.18
8	25160	6.39	0.18
8	25180	6.395	0.18
8	25200	6.4	0.18
8	25220	6.405	0.18
8	25240	6.41	0.18
8	25260	6.415	0.18
8	25280	6.42	0.18
8	25300	6.425	0.18
8	25320	6.43	0.18
8	25340	6.435	0.18
8	25360	6.44	0.18
8	25380	6.445	0.18
8	25400	6.45	0.18
8	25420	6.455	0.18
8	25440	6.46	0.18
8	25460	6.465	0.18
8	25480	6.47	0.18
8	25500	6.475	0.18
8	25520	6.48	0.18
8	25540	6.485	0.18
8	25560	6.49	0.18
8	25580	6.495	0.18
8	25604	6.5	0.18
8	25624	6.505	0.18
8	25644	6.51	0.18
8	25664	6.515	0.18
8	25684	6.52	0.18
8	25704	6.525	0.18
8	25724	6.53	0.18
8	25744	6.535	0.18
8	25764	6.54	0.18
8	25784	6.545	0.18
8	25804	6.55	0.18
8	25824	6.555	0.18
8	25844	6.56	0.18
8	25864	6.565	0.18
8	25884	6.57	0.18
8	25904	6.575	0.18
8	25924	6.58	0.18
8	25944	6.585	0.18
8	25964	6.59	0.18
8	25984	6.595	0.18
8	26004	6.6	0.18
8	26024	6.605	0.18
8	26044	6.61	0.18
8	26064	6.615	0.18
8	26084	6.62	0.18
8	26104	6.625	0.18
8	26124	6.63	0.18
8	26144	6.635	0.18
8	26164	6.64	0.18
8	26184	6.645	0.18
8	26204	6.65	0.18
8	26224	6.655	0.18
8	26244	6.66	0.18
8	26264	6.665	0.18
8	26284	6.67	0.18
8	26304	6.675	0.18
8	26324	6.68	0.18
8	26344	6.685	0.18
8	26364	6.69	0.18
8	26384	6.695	0.18
8	26404	6.7	0.18
8	26424	6.705	0.18
8	26444	6.71	0.18
8	26464	6.715	0.18
8	26484	6.72	0.18
8	26504	6.725	0.18
8	26524	6.73	0.18
8	26544	6.735	0.18
8	26564	6.74	0.18
8	26584	6.745	0.18
8	26604	6.75	0.18
8	26624	6.755	0.18
8	26644	6.76	0.18
8	26664	6.765	0.18
8	26684	6.77	0.18
8	26704	6.775	0.18
8	26724	6.78	0.18
8	26744	6.785	0.18
8	26764	6.79	0.18
8	26784	6.795	0.18
8	26804	6.8	0.18
8	26824	6.805	0.18
8	26844	6.81	0.18
8	26864	6.815	0.18
8	26884	6.82	0.18
8	26904	6.825	0.18
8	26924	6.83	0.18
8	26944	6.835	0.18
8	26964	6.84	0.18
8	26984	6.845	0.18
8	27004	6.85	0.18
8	27024	6.855	0.18
8	27044	6.86	0.18
8	27064	6.865	0.18
8	27084	6.87	0.18
8	27104	6.875	0.18
8	27124	6.88	0.18
8	27144	6.885	0.18
8	27164	6.89	0.18
8	27184	6.895	0.18
8	27204	6.9	0.18
8	27224	6.905	0.18
8	27244	6.91	0.18
8	27264	6.915	0.18
8	27284	6.92	0.18
8	27304	6.925	0.18
8	27324	6.93	0.18
8	27344	6.935	0.18
8	27364	6.94	0.18
8	27384	6.945	0.18
8	27404	6.95	0.18
8	27424	6.955	0.18
8	27444	6.96	0.18
8	27464	6.965	0.18
8	27484	6.97	0.18
8	27504	6.975	0.18
8	27524	6.98	0.18
8	27544	6.985	0.18
8	27564	6.99	0.18
8	27584	6.995	0.18
8	27608	7	0.18
8	27628	7.005	0.18
8	27648	7.01	0.18
8	27668	7.015	0.18
8	27688	7.02	0.18
8	27708	7.025	0.18
8	27728	7.03	0.18
8	27748	7.035	0.18
8	27768	7.04	0.18
8	27788	7.045	0.18
8	27808	7.05	0.18
8	27828	7.055	0.18
8	27848	7.06	0.18
8	27868	7.065	0.18
8	27888	7.07	0.18
8	27908	7.075	0.18
8	27928	7.08	0.18
8	27948	7.085	0.18
8	27968	7.09	0.18
8	27988	7.095	0.18
8	28008	7.1	0.18
8	28028	7.105	0.18
8	28048	7.11	0.18
8	28068	7.115	0.18
8	28088	7.12	0.18
8	28108	7.125	0.18
8	28128	7.13	0.18
8	28148	7.135	0.18
8	28168	7.14	0.18
8	28188	7.145	0.18
8	28208	7.15	0.18
8	28228	7.155	0.18
8	28248	7.16	0.18
8	28268	7.165	0.18
8	28288	7.17	0.18
8	28308	7.175	0.18
8	28328	7.18	0.18
8	28348	7.185	0.18
8	28368	7.19	0.18
8	28388	7.195	0.18
8	28408	7.2	0.18
8	28428	7.205	0.18
8	28448	7.21	0.18
8	28468	7.215	0.18
8	28488	7.22	0.18
8	28508	7.225	0.18
8	28528	7.23	0.18
8	28548	7.235	0.18
8	28568	7.24	0.18
8	28588	7.245	0.18
8	28608	7.25	0.18
8	28628	7.255	0.18
8	28648	7.26	0.18
8	28668	7.265	0.18
8	28688	7.27	0.18
8	28708	7.275	0.18
8	28728	7.28	0.18
8	28748	7.285	0.18
8	28768	7.29	0.18
8	28788	7.295	0.18
8	28808	7.3	0.18
8	28828	7.305	0.18
8	28848	7.31	0.18
8	28868	7.315	0.18
8	28888	7.32	0.18
8	28908	7.325	0.18
8	28928	7.33	0.18
8	28948	7.335	0.18
8	28968	7.34	0.18
8	28988	7.345	0.18
8	29008	7.35	0.18
8	29028	7.355	0.18
8	29048	7.36	0.18
8	29068	7.365	0.18
8	29088	7.37	0.18
8	29108	7.375	0.18
8	29128	7.38	0.18
8	29148	7.385	0.18
8	29168	7.39	0.18
8	29188	7.395	0.18
8	29208	7.4	0.18
8	29228	7.405	0.18
8	29248	7.41	0.18
8	29268	7.415	0.18
8	29288	7.42	0.18
8	29308	7.425	0.18
8	29328	7.43	0.18
8	29348	7.435	0.18
8	29368	7.44	0.18
8	29388	7.445	0.18
8	29408	7.45	0.18
8	29428	7.455	0.18
8	29448	7.46	0.18
8	29468	7.465	0.18
8	29488	7.47	0.18
8	29508	7.475	0.18
8	29528	7.48	0.18
8	29548	7.485	0.18
8	29568	7.49	0.18
8	29588	7.495	0.18
8	29612	7.5	0.18
8	29632	7.505	0.18
8	29652	7.51	0.18
8	29672	7.515	0.18
8	29692	7.52	0.18
8	29712	7.525	0.18
8	29732	7.53	0.18
8	29752	7.535	0.18
8	29772	7.54	0.18
8	29792	7.545	0.18
8	29812	7.55	0.18
8	29832	7.555	0.18
8	29852	7.56	0.18
8	29872	7.565	0.18
8	29892	7.57	0.18
8	29912	7.575	0.18
8	29932	7.58	0.18
8	29952	7.585	0.18
8	29972	7.59	0.18
8	29992	7.595	0.18
8	30012	7.6	0.18
8	30032	7.605	0.18
8	30052	7.61	0.18
8	30072	7.615	0.18
8	30092	7.62	0.18
8	30112	7.625	0.18
8	30132	7.63	0.18
8	30152	7.635	0.18
8	30172	7.64	0.18
8	30192	7.645	0.18
8	30212	7.65	0.18
8	30232	7.655	0.18
8	30252	7.66	0.18
8	30272	7.665	0.18
8	30292	7.67	0.18
8	30312	7.675	0.18
8	30332	7.68	0.18
8	30352	7.685	0.18
8	30372	7.69	0.18
8	30392	7.695	0.18
8	30412	7.7	0.18
8	30432	7.705	0.18
8	30452	7.71	0.18
8	30472	7.715	0.18
8	30492	7.72	0.18
8	30512	7.725	0.18
8	30532	7.73	0.18
8	30552	7.735	0.18
8	30572	7.74	0.18
8	30592	7.745	0.18
8	30612	7.75	0.18
8	30632	7.755	0.18
8	30652	7.76	0.18
8	30672	7.765	0.18
8	30692	7.77	0.18
8	30712	7.775	0.18
8	30732	7.78	0.18
8	30752	7.785	0.18
8	30772	7.79	0.18
8	30792	7.795	0.18
8	30812	7.8	0.18
8	30832	7.805	0.18
8	30852	7.81	0.18
8	30872	7.815	0.18
8	30892	7.82	0.18
8	30912	7.825	0.18
8	30932	7.83	0.18
8	30952	7.835	0.18
8	30972	7.84	0.18
8	30992	7.845	0.18
8	31012	7.85	0.18
8	31032	7.855	0.18
8	31052	7.86	0.18
8	31072	7.865	0.18
8	31092	7.87	0.18
8	31112	7.875	0.18
8	31132	7.88	0.18
8	31152	7.885	0.18
8	31172	7.89	0.18
8	31192	7.895	0.18
8	31212	7.9	0.18
8	31232	7.905	0.18
8	31252	7.91	0.18
8	31272	7.915	0.18
8	31292	7.92	0.18
8	31312	7.925	0.18
8	31332	7.93	0.18
8	31352	7.935	0.18
8	31372	7.94	0.18
8	31392	7.945	0.18
8	31412	7.95	0.18
8	31432	7.955	0.18
8	31452	7.96	0.18
8	31472	7.965	0.18
8	31492	7.97	0.18
8	31512	7.975	0.18
8	31532	7.98	0.18
8	31552	7.985	0.18
8	31572	7.99	0.18
8	31592	7.995	0.18
8	31616	8	0.18
8	31636	8.005	0.18
8	31656	8.01	0.18
8	31676	8.015	0.18
8	31696	8.02	0.18
8	31716	8.025	0.18
8	31736	8.03	0.18
8	31756	8.035	0.18
8	31776	8.04	0.18
8	31796	8.045	0.18
8	31816	8.05	0.18
8	31836	8.055	0.18
8	31856	8.06	0.18
8	31876	8.065	0.18
8	31896	8.07	0.18
8	31916	8.075	0.18
8	31936	8.08	0.18
8	31956	8.085	0.18
8	31976	8.09	0.18
8	31996	8.095	0.18
8	32016	8.1	0.18
8	32036	8.105	0.18
8	32056	8.11	0.18
8	32076	8.115	0.18
8	32096	8.12	0.18
8	32116	8.125	0.18
8	32136	8.13	0.18
8	32156	8.135	0.18
8	32176	8.14	0.18
8	32196	8.145	0.18
8	32216	8.15	0.18
8	32236	8.155	0.18
8	32256	8.16	0.18
8	32276	8.165	0.18
8	32296	8.17	0.18
8	32316	8.175	0.18
8	32336	8.18	0.18
8	32356	8.185	0.18
8	32376	8.19	0.18
8	32396	8.195	0.18
8	32416	8.2	0.18
8	32436	8.205	0.18
8	32456	8.21	0.18
8	32476	8.215	0.18
8	32496	8.22	0.18
8	32516	8.225	0.18
8	32536	8.23	0.18
8	32556	8.235	0.18
8	32576	8.24	0.18
8	32596	8.245	0.18
8	32616	8.25	0.18
8	32636	8.255	0.18
8	32656	8.26	0.18
8	32676	8.265	0.18
8	32696	8.27	0.18
8	32716	8.275	0.18
8	32736	8.28	0.18
8	32756	8.285	0.18
8	32776	8.29	0.18
8	32796	8.295	0.18
8	32816	8.3	0.18
8	32836	8.305	0.18
8	32856	8.31	0.18
8	32876	8.315	0.18
8	32896	8.32	0.18
8	32916	8.325	0.18
8	32936	8.33	0.18
8	32956	8.335	0.18
8	32976	8.34	0.18
8	32996	8.345	0.18
8	33016	8.35	0.18
8	33036	8.355	0.18
8	33056	8.36	0.18
8	33076	8.365	0.18
8	33096	8.37	0.18
8	33116	8.375	0.18
8	33136	8.38	0.18
8	33156	8.385	0.18
8	33176	8.39	0.18
8	33196	8.395	0.18
8	33216	8.4	0.18
8	33236	8.405	0.18
8	33256	8.41	0.18
8	33276	8.415	0.18
8	33296	8.42	0.18
8	33316	8.425	0.18
8	33336	8.43	0.18
8	33356	8.435	0.18
8	33376	8.44	0.18
8	33396	8.445	0.18
8	33416	8.45	0.18
8	33436	8.455	0.18
8	33456	8.46	0.18
8	33476	8.465	0.18
8	33496	8.47	0.18
8	33516	8.475	0.18
8	33536	8.48	0.18
8	33556	8.485	0.18
8	33576	8.49	0.18
8	33596	8.495	0.18
8	33620	8.5	0.18
8	33640	8.505	0.18
8	33660	8.51	0.18
8	33680	8.515	0.18
8	33700	8.52	0.18
8	33720	8.525	0.18
8	33740	8.53	0.18
8	33760	8.535	0.18
8	33780	8.54	0.18
8	33800	8.545	0.18
8	33820	8.55	0.18
8	33840	8.555	0.18
8	33860	8.56	0.18
8	33880	8.565	0.18
8	33900	8.57	0.18
8	33920	8.575	0.18
8	33940	8.58	0.18
8	33960	8.585	0.18
8	33980	8.59	0.18
8	34000	8.595	0.18
8	34020	8.6	0.18
8	34040	8.605	0.18
8	34060	8.61	0.18
8	34080	8.615	0.18
8	34100	8.62	0.18
8	34120	8.625	0.18
8	34140	8.63	0.18
8	34160	8.635	0.18
8	34180	8.64	0.18
8	34200	8.645	0.18
8	34220	8.65	0.18
8	34240	8.655	0.18
8	34260	8.66	0.18
8	34280	8.665	0.18
8	34300	8.67	0.18
8	34320	8.675	0.18
8	34340	8.68	0.18
8	34360	8.685	0.18
8	34380	8.69	0.18
8	34400	8.695	0.18
8	34420	8.7	0.18
8	34440	8.705	0.18
8	34460	8.71	0.18
8	34480	8.715	0.18
8	34500	8.72	0.18
8	34520	8.725	0.18
8	34540	8.73	0.18
8	34560	8.735	0.18
8	34580	8.74	0.18
8	34600	8.745	0.18
8	34620	8.75	0.18
8	34640	8.755	0.18
8	34660	8.76	0.18
8	34680	8.765	0.18
8	34700	8.77	0.18
8	34720	8.775	0.18
8	34740	8.78	0.18
8	34760	8.785	0.18
8	34780	8.79	0.18
8	34800	8.795	0.18
8	34820	8.8	0.18
8	34840	8.805	0.18
8	34860	8.81	0.18
8	34880	8.815	0.18
8	34900	8.82	0.18
8	34920	8.825	0.18
8	34940	8.83	0.18
8	34960	8.835	0.18
8	34980	8.84	0.18
8	35000	8.845	0.18
8	35020	8.85	0.18
8	35040	8.855	0.18
8	35060	8.86	0.18
8	35080	8.865	0.18
8	35100	8.87	0.18
8	35120	8.875	0.18
8	35140	8.88	0.18
8	35160	8.885	0.18
8	35180	8.89	0.18
8	35200	8.895	0.18
8	35220	8.9	0.18
8	35240	8.905	0.18
8	35260	8.91	0.18
8	35280	8.915	0.18
8	35300	8.92	0.18
8	35320	8.925	0.18
8	35340	8.93	0.18
8	35360	8.935	0.18
8	35380	8.94	0.18
8	35400	8.945	0.18
8	35420	8.95	0.18
8	35440	8.955	0.18
8	35460	8.96	0.18
8	35480	8.965	0.18
8	35500	8.97	0.18
8	35520	8.975	0.18
8	35540	8.98	0.18
8	35560	8.985	0.18
8	35580	8.99	0.18
8	35600	8.995	0.18
8	35624	9	0.18
8	35644	9.005	0.18
8	35664	9.01	0.18
8	35684	9.015	0.18
8	35704	9.02	0.18
8	35724	9.025	0.18
8	35744	9.03	0.18
8	35764	9.035	0.18
8	35784	9.04	0.18
8	35804	9.045	0.18
8	35824	9.05	0.18
8	35844	9.055	0.18
8	35864	9.06	0.18
8	35884	9.065	0.18
8	35904	9.07	0.18
8	35924	9.075	0.18
8	35944	9.08	0.18
8	35964	9.085	0.18
8	35984	9.09	0.18
8	36004	9.095	0.18
8	36024	9.1	0.18
8	36044	9.105	0.18
8	36064	9.11	0.18
8	36084	9.115	0.18
8	36104	9.12	0.18
8	36124	9.125	0.18
8	36144	9.13	0.18
8	36164	9.135	0.18
8	36184	9.14	0.18
8	36204	9.145	0.18
8	36224	9.15	0.18
8	36244	9.155	0.18
8	36264	9.16	0.18
8	36284	9.165	0.18
8	36304	9.17	0.18
8	36324	9.175	0.18
8	36344	9.18	0.18
8	36364	9.185	0.18
8	36384	9.19	0.18
8	36404	9.195	0.18
8	36424	9.2	0.18
8	36444	9.205	0.18
8	36464	9.21	0.18
8	36484	9.215	0.18
8	36504	9.22	0.18
8	36524	9.225	0.18
8	36544	9.23	0.18
8	36564	9.235	0.18
8	36584	9.24	0.18
8	36604	9.245	0.18
8	36624	9.25	0.18
8	36644	9.255	0.18
8	36664	9.26	0.18
8	36684	9.265	0.18
8	36704	9.27	0.18
8	36724	9.275	0.18
8	36744	9.28	0.18
8	36764	9.285	0.18
8	36784	9.29	0.18
8	36804	9.295	0.18
8	36824	9.3	0.18
8	36844	9.305	0.18
8	36864	9.31	0.18
8	36884	9.315	0.18
8	36904	9.32	0.18
8	36924	9.325	0.18
8	36944	9.33	0.18
8	36964	9.335	0.18
8	36984	9.34	0.18
8	37004	9.345	0.18
8	37024	9.35	0.18
8	37044	9.355	0.18
8	37064	9.36	0.18
8	37084	9.365	0.18
8	37104	9.37	0.18
8	37124	9.375	0.18
8	37144	9.38	0.18
8	37164	9.385	0.18
8	37184	9.39	0.18
8	37204	9.395	0.18
8	37224	9.4	0.18
8	37244	9.405	0.18
8	37264	9.41	0.18
8	37284	9.415	0.18
8	37304	9.42	0.18
8	37324	9.425	0.18
8	37344	9.43	0.18
8	37364	9.435	0.18
8	37384	9.44	0.18
8	37404	9.445	0.18
8	37424	9.45	0.18
8	37444	9.455	0.18
8	37464	9.46	0.18
8	37484	9.465	0.18
8	37504	9.47	0.18
8	37524	9.475	0.18
8	37544	9.48	0.18
8	37564	9.485	0.18
8	37584	9.49	0.18
8	37604	9.495	0.18
8	37628	9.5	0.18
8	37648	9.505	0.18
8	37668	9.51	0.18
8	37688	9.515	0.18
8	37708	9.52	0.18
8	37728	9.525	0.18
8	37748	9.53	0.18
8	37768	9.535	0.18
8	37788	9.54	0.18
8	37808	9.545	0.18
8	37828	9.55	0.18
8	37848	9.555	0.18
8	37868	9.56	0.18
8	37888	9.565	0.18
8	37908	9.57	0.18
8	37928	9.575	0.18
8	37948	9.58	0.18
8	37968	9.585	0.18
8	37988	9.59	0.18
8	38008	9.595	0.18
8	38028	9.6	0.18
8	38048	9.605	0.18
8	38068	9.61	0.18
8	38088	9.615	0.18
8	38108	9.62	0.18
8	38128	9.625	0.18
8	38148	9.63	0.18
8	38168	9.635	0.18
8	38188	9.64	0.18
8	38208	9.645	0.18
8	38228	9.65	0.18
8	38248	9.655	0.18
8	38268	9.66	0.18
8	38288	9.665	0.18
8	38308	9.67	0.18
8	38328	9.675	0.18
8	38348	9.68	0.18
8	38368	9.685	0.18
8	38388	9.69	0.18
8	38408	9.695	0.18
8	38428	9.7	0.18
8	38448	9.705	0.18
8	38468	9.71	0.18
8	38488	9.715	0.18
8	38508	9.72	0.18
8	38528	9.725	0.18
8	38548	9.73	0.18
8	38568	9.735	0.18
8	38588	9.74	0.18
8	38608	9.745	0.18
8	38628	9.75	0.18
8	38648	9.755	0.18
8	38668	9.76	0.18
8	38688	9.765	0.18
8	38708	9.77	0.18
8	38728	9.775	0.18
8	38748	9.78	0.18
8	38768	9.785	0.18
8	38788	9.79	0.18
8	38808	9.795	0.18
8	38828	9.8	0.18
8	38848	9.805	0.18
8	38868	9.81	0.18
8	38888	9.815	0.18
8	38908	9.82	0.18
8	38928	9.825	0.18
8	38948	9.83	0.18
8	38968	9.835	0.18
8	38988	9.84	0.18
8	39008	9.845	0.18
8	39028	9.85	0.18
8	39048	9.855	0.18
8	39068	9.86	0.18
8	39088	9.865	0.18
8	39108	9.87	0.18
8	39128	9.875	0.18
8	39148	9.88	0.18
8	39168	9.885	0.18
8	39188	9.89	0.18
8	39208	9.895	0.18
8	39228	9.9	0.18
8	39248	9.905	0.18
8	39268	9.91	0.18
8	39288	9.915	0.18
8	39308	9.92	0.18
8	39328	9.925	0.18
8	39348	9.93	0.18
8	39368	9.935	0.18
8	39388	9.94	0.18
8	39408	9.945	0.18
8	39428	9.95	0.18
8	39448	9.955	0.18
8	39468	9.96	0.18
8	39488	9.965	0.18
8	39508	9.97	0.18
8	39528	9.975	0.18
8	39548	9.98	0.18
8	39568	9.985	0.18
8	39588	9.99	0.18
8	39608	9.995	0.18
8	39630	10	0.18
8	39648	10.005	0.18
8	39666	10.01	0.18
8	39684	10.015	0.18
8	39702	10.02	0.18
8	39720	10.025	0.18
8	39736	10.03	0.18
8	39752	10.035	0.18
8	39768	10.04	0.18
8	39784	10.045	0.18
8	39800	10.05	0.18
8	39816	10.055	0.18
8	39830	10.06	0.18
8	39844	10.065	0.18
8	39858	10.07	0.18
8	39872	10.075	0.18
8	39886	10.08	0.18
8	39900	10.085	0.18
8	39912	10.09	0.18
8	39924	10.095	0.18
8	39936	10.1	0.18
8	39948	10.105	0.18
8	39960	10.11	0.18
8	39972	10.115	0.18
8	39982	10.12	0.18
8	39992	10.125	0.18
8	40002	10.13	0.18
8	40012	10.135	0.18
8	40022	10.14	0.18
8	40032	10.145	0.18
8	40038	10.15	0.18
8	40044	10.155	0.18
8	40050	10.16	0.18
8	40056	10.165	0.18
8	40062	10.17	0.18
8	40068	10.175	0.18
9	286	0.18	0.18
9	304	0.185	0.18
9	322	0.19	0.18
9	340	0.195	0.18
9	358	0.2	0.18
9	376	0.205	0.18
9	394	0.21	0.18
9	414	0.215	0.18
9	434	0.22	0.18
9	454	0.225	0.18
9	474	0.23	0.18
9	494	0.235	0.18
9	514	0.24	0.18
9	534	0.245	0.18
9	554	0.25	0.18
9	574	0.255	0.18
9	594	0.26	0.18
9	614	0.265	0.18
9	634	0.27	0.18
9	654	0.275	0.18
9	674	0.28	0.18
9	694	0.285	0.18
9	714	0.29	0.18
9	734	0.295	0.18
9	754	0.3	0.18
9	774	0.305	0.18
9	794	0.31	0.18
9	814	0.315	0.18
9	834	0.32	0.18
9	854	0.325	0.18
9	874	0.33	0.18
9	894	0.335	0.18
9	914	0.34	0.18
9	934	0.345	0.18
9	954	0.35	0.18
9	974	0.355	0.18
9	994	0.36	0.18
9	1014	0.365	0.18
9	1034	0.37	0.18
9	1054	0.375	0.18
9	1074	0.38	0.18
9	1094	0.385	0.18
9	1114	0.39	0.18
9	1134	0.395	0.18
9	1154	0.4	0.18
9	1174	0.405	0.18
9	1194	0.41	0.18
9	1214	0.415	0.18
9	1234	0.42	0.18
9	1254	0.425	0.18
9	1274	0.43	0.18
9	1294	0.435	0.18
9	1314	0.44	0.18
9	1334	0.445	0.18
9	1354	0.45	0.18
9	1374	0.455	0.18
9	1394	0.46	0.18
9	1414	0.465	0.18
9	1434	0.47	0.18
9	1454	0.475	0.18
9	1474	0.48	0.18
9	1494	0.485	0.18
9	1514	0.49	0.18
9	1534	0.495	0.18
9	1558	0.5	0.18
9	1578	0.505	0.18
9	1598	0.51	0.18
9	1618	0.515	0.18
9	1638	0.52	0.18
9	1658	0.525	0.18
9	1678	0.53	0.18
9	1698	0.535	0.18
9	1718	0.54	0.18
9	1738	0.545	0.18
9	1758	0.55	0.18
9	1778	0.555	0.18
9	1798	0.56	0.18
9	1818	0.565	0.18
9	1838	0.57	0.18
9	1858	0.575	0.18
9	1878	0.58	0.18
9	1898	0.585	0.18
9	1918	0.59	0.18
9	1938	0.595	0.18
9	1958	0.6	0.18
9	1978	0.605	0.18
9	1998	0.61	0.18
9	2018	0.615	0.18
9	2038	0.62	0.18
9	2058	0.625	0.18
9	2078	0.63	0.18
9	2098	0.635	0.18
9	2118	0.64	0.18
9	2138	0.645	0.18
9	2158	0.65	0.18
9	2178	0.655	0.18
9	2198	0.66	0.18
9	2218	0.665	0.18
9	2238	0.67	0.18
9	2258	0.675	0.18
9	2278	0.68	0.18
9	2298	0.685	0.18
9	2318	0.69	0.18
9	2338	0.695	0.18
9	2358	0.7	0.18
9	2378	0.705	0.18
9	2398	0.71	0.18
9	2418	0.715	0.18
9	2438	0.72	0.18
9	2458	0.725	0.18
9	2478	0.73	0.18
9	2498	0.735	0.18
9	2518	0.74	0.18
9	2538	0.745	0.18
9	2558	0.75	0.18
9	2578	0.755	0.18
9	2598	0.76	0.18
9	2618	0.765	0.18
9	2638	0.77	0.18
9	2658	0.775	0.18
9	2678	0.78	0.18
9	2698	0.785	0.18
9	2718	0.79	0.18
9	2738	0.795	0.18
9	2758	0.8	0.18
9	2778	0.805	0.18
9	2798	0.81	0.18
9	2818	0.815	0.18
9	2838	0.82	0.18
9	2858	0.825	0.18
9	2878	0.83	0.18
9	2898	0.835	0.18
9	2918	0.84	0.18
9	2938	0.845	0.18
9	2958	0.85	0.18
9	2978	0.855	0.18
9	2998	0.86	0.18
9	3018	0.865	0.18
9	3038	0.87	0.18
9	3058	0.875	0.18
9	3078	0.88	0.18
9	3098	0.885	0.18
9	3118	0.89	0.18
9	3138	0.895	0.18
9	3158	0.9	0.18
9	3178	0.905	0.18
9	3198	0.91	0.18
9	3218	0.915	0.18
9	3238	0.92	0.18
9	3258	0.925	0.18
9	3278	0.93	0.18
9	3298	0.935	0.18
9	3318	0.94	0.18
9	3338	0.945	0.18
9	3358	0.95	0.18
9	3378	0.955	0.18
9	3398	0.96	0.18
9	3418	0.965	0.18
9	3438	0.97	0.18
9	3458	0.975	0.18
9	3478	0.98	0.18
9	3498	0.985	0.18
9	3518	0.99	0.18
9	3538	0.995	0.18
9	3562	1	0.18
9	3582	1.005	0.18
9	3602	1.01	0.18
9	3622	1.015	0.18
9	3642	1.02	0.18
9	3662	1.025	0.18
9	3682	1.03	0.18
9	3702	1.035	0.18
9	3722	1.04	0.18
9	3742	1.045	0.18
9	3762	1.05	0.18
9	3782	1.055	0.18
9	3802	1.06	0.18
9	3822	1.065	0.18
9	3842	1.07	0.18
9	3862	1.075	0.18
9	3882	1.08	0.18
9	3902	1.085	0.18
9	3922	1.09	0.18
9	3942	1.095	0.18
9	3962	1.1	0.18
9	3982	1.105	0.18
9	4002	1.11	0.18
9	4022	1.115	0.18
9	4042	1.12	0.18
9	4062	1.125	0.18
9	4082	1.13	0.18
9	4102	1.135	0.18
9	4122	1.14	0.18
9	4142	1.145	0.18
9	4162	1.15	0.18
9	4182	1.155	0.18
9	4202	1.16	0.18
9	4222	1.165	0.18
9	4242	1.17	0.18
9	4262	1.175	0.18
9	4282	1.18	0.18
9	4302	1.185	0.18
9	4322	1.19	0.18
9	4342	1.195	0.18
9	4362	1.2	0.18
9	4382	1.205	0.18
9	4402	1.21	0.18
9	4422	1.215	0.18
9	4442	1.22	0.18
9	4462	1.225	0.18
9	4482	1.23	0.18
9	4502	1.235	0.18
9	4522	1.24	0.18
9	4542	1.245	0.18
9	4562	1.25	0.18
9	4582	1.255	0.18
9	4602	1.26	0.18
9	4622	1.265	0.18
9	4642	1.27	0.18
9	4662	1.275	0.18
9	4682	1.28	0.18
9	4702	1.285	0.18
9	4722	1.29	0.18
9	4742	1.295	0.18
9	4762	1.3	0.18
9	4782	1.305	0.18
9	4802	1.31	0.18
9	4822	1.315	0.18
9	4842	1.32	0.18
9	4862	1.325	0.18
9	4882	1.33	0.18
9	4902	1.335	0.18
9	4922	1.34	0.18
9	4942	1.345	0.18
9	4962	1.35	0.18
9	4982	1.355	0.18
9	5002	1.36	0.18
9	5022	1.365	0.18
9	5042	1.37	0.18
9	5062	1.375	0.18
9	5082	1.38	0.18
9	5102	1.385	0.18
9	5122	1.39	0.18
9	5142	1.395	0.18
9	5162	1.4	0.18
9	5182	1.405	0.18
9	5202	1.41	0.18
9	5222	1.415	0.18
9	5242	1.42	0.18
9	5262	1.425	0.18
9	5282	1.43	0.18
9	5302	1.435	0.18
9	5322	1.44	0.18
9	5342	1.445	0.18
9	5362	1.45	0.18
9	5382	1.455	0.18
9	5402	1.46	0.18
9	5422	1.465	0.18
9	5442	1.47	0.18
9	5462	1.475	0.18
9	5482	1.48	0.18
9	5502	1.485	0.18
9	5522	1.49	0.18
9	5542	1.495	0.18
9	5566	1.5	0.18
9	5586	1.505	0.18
9	5606	1.51	0.18
9	5626	1.515	0.18
9	5646	1.52	0.18
9	5666	1.525	0.18
9	5686	1.53	0.18
9	5706	1.535	0.18
9	5726	1.54	0.18
9	5746	1.545	0.18
9	5766	1.55	0.18
9	5786	1.555	0.18
9	5806	1.56	0.18
9	5826	1.565	0.18
9	5846	1.57	0.18
9	5866	1.575	0.18
9	5886	1.58	0.18
9	5906	1.585	0.18
9	5926	1.59	0.18
9	5946	1.595	0.18
9	5966	1.6	0.18
9	5986	1.605	0.18
9	6006	1.61	0.18
9	6026	1.615	0.18
9	6046	1.62	0.18
9	6066	1.625	0.18
9	6086	1.63	0.18
9	6106	1.635	0.18
9	6126	1.64	0.18
9	6146	1.645	0.18
9	6166	1.65	0.18
9	6186	1.655	0.18
9	6206	1.66	0.18
9	6226	1.665	0.18
9	6246	1.67	0.18
9	6266	1.675	0.18
9	6286	1.68	0.18
9	6306	1.685	0.18
9	6326	1.69	0.18
9	6346	1.695	0.18
9	6366	1.7	0.18
9	6386	1.705	0.18
9	6406	1.71	0.18
9	6426	1.715	0.18
9	6446	1.72	0.18
9	6466	1.725	0.18
9	6486	1.73	0.18
9	6506	1.735	0.18
9	6526	1.74	0.18
9	6546	1.745	0.18
9	6566	1.75	0.18
9	6586	1.755	0.18
9	6606	1.76	0.18
9	6626	1.765	0.18
9	6646	1.77	0.18
9	6666	1.775	0.18
9	6686	1.78	0.18
9	6706	1.785	0.18
9	6726	1.79	0.18
9	6746	1.795	0.18
9	6766	1.8	0.18
9	6786	1.805	0.18
9	6806	1.81	0.18
9	6826	1.815	0.18
9	6846	1.82	0.18
9	6866	1.825	0.18
9	6886	1.83	0.18
9	6906	1.835	0.18
9	6926	1.84	0.18
9	6946	1.845	0.18
9	6966	1.85	0.18
9	6986	1.855	0.18
9	7006	1.86	0.18
9	7026	1.865	0.18
9	7046	1.87	0.18
9	7066	1.875	0.18
9	7086	1.88	0.18
9	7106	1.885	0.18
9	7126	1.89	0.18
9	7146	1.895	0.18
9	7166	1.9	0.18
9	7186	1.905	0.18
9	7206	1.91	0.18
9	7226	1.915	0.18
9	7246	1.92	0.18
9	7266	1.925	0.18
9	7286	1.93	0.18
9	7306	1.935	0.18
9	7326	1.94	0.18
9	7346	1.945	0.18
9	7366	1.95	0.18
9	7386	1.955	0.18
9	7406	1.96	0.18
9	7426	1.965	0.18
9	7446	1.97	0.18
9	7466	1.975	0.18
9	7486	1.98	0.18
9	7506	1.985	0.18
9	7526	1.99	0.18
9	7546	1.995	0.18
9	7570	2	0.18
9	7590	2.005	0.18
9	7610	2.01	0.18
9	7630	2.015	0.18
9	7650	2.02	0.18
9	7670	2.025	0.18
9	7690	2.03	0.18
9	7710	2.035	0.18
9	7730	2.04	0.18
9	7750	2.045	0.18
9	7770	2.05	0.18
9	7790	2.055	0.18
9	7810	2.06	0.18
9	7830	2.065	0.18
9	7850	2.07	0.18
9	7870	2.075	0.18
9	7890	2.08	0.18
9	7910	2.085	0.18
9	7930	2.09	0.18
9	7950	2.095	0.18
9	7970	2.1	0.18
9	7990	2.105	0.18
9	8010	2.11	0.18
9	8030	2.115	0.18
9	8050	2.12	0.18
9	8070	2.125	0.18
9	8090	2.13	0.18
9	8110	2.135	0.18
9	8130	2.14	0.18
9	8150	2.145	0.18
9	8170	2.15	0.18
9	8190	2.155	0.18
9	8210	2.16	0.18
9	8230	2.165	0.18
9	8250	2.17	0.18
9	8270	2.175	0.18
9	8290	2.18	0.18
9	8310	2.185	0.18
9	8330	2.19	0.18
9	8350	2.195	0.18
9	8370	2.2	0.18
9	8390	2.205	0.18
9	8410	2.21	0.18
9	8430	2.215	0.18
9	8450	2.22	0.18
9	8470	2.225	0.18
9	8490	2.23	0.18
9	8510	2.235	0.18
9	8530	2.24	0.18
9	8550	2.245	0.18
9	8570	2.25	0.18
9	8590	2.255	0.18
9	8610	2.26	0.18
9	8630	2.265	0.18
9	8650	2.27	0.18
9	8670	2.275	0.18
9	8690	2.28	0.18
9	8710	2.285	0.18
9	8730	2.29	0.18
9	8750	2.295	0.18
9	8770	2.3	0.18
9	8790	2.305	0.18
9	8810	2.31	0.18
9	8830	2.315	0.18
9	8850	2.32	0.18
9	8870	2.325	0.18
9	8890	2.33	0.18
9	8910	2.335	0.18
9	8930	2.34	0.18
9	8950	2.345	0.18
9	8970	2.35	0.18
9	8990	2.355	0.18
9	9010	2.36	0.18
9	9030	2.365	0.18
9	9050	2.37	0.18
9	9070	2.375	0.18
9	9090	2.38	0.18
9	9110	2.385	0.18
9	9130	2.39	0.18
9	9150	2.395	0.18
9	9170	2.4	0.18
9	9190	2.405	0.18
9	9210	2.41	0.18
9	9230	2.415	0.18
9	9250	2.42	0.18
9	9270	2.425	0.18
9	9290	2.43	0.18
9	9310	2.435	0.18
9	9330	2.44	0.18
9	9350	2.445	0.18
9	9370	2.45	0.18
9	9390	2.455	0.18
9	9410	2.46	0.18
9	9430	2.465	0.18
9	9450	2.47	0.18
9	9470	2.475	0.18
9	9490	2.48	0.18
9	9510	2.485	0.18
9	9530	2.49	0.18
9	9550	2.495	0.18
9	9574	2.5	0.18
9	9594	2.505	0.18
9	9614	2.51	0.18
9	9634	2.515	0.18
9	9654	2.52	0.18
9	9674	2.525	0.18
9	9694	2.53	0.18
9	9714	2.535	0.18
9	9734	2.54	0.18
9	9754	2.545	0.18
9	9774	2.55	0.18
9	9794	2.555	0.18
9	9814	2.56	0.18
9	9834	2.565	0.18
9	9854	2.57	0.18
9	9874	2.575	0.18
9	9894	2.58	0.18
9	9914	2.585	0.18
9	9934	2.59	0.18
9	9954	2.595	0.18
9	9974	2.6	0.18
9	9994	2.605	0.18
9	10014	2.61	0.18
9	10034	2.615	0.18
9	10054	2.62	0.18
9	10074	2.625	0.18
9	10094	2.63	0.18
9	10114	2.635	0.18
9	10134	2.64	0.18
9	10154	2.645	0.18
9	10174	2.65	0.18
9	10194	2.655	0.18
9	10214	2.66	0.18
9	10234	2.665	0.18
9	10254	2.67	0.18
9	10274	2.675	0.18
9	10294	2.68	0.18
9	10314	2.685	0.18
9	10334	2.69	0.18
9	10354	2.695	0.18
9	10374	2.7	0.18
9	10394	2.705	0.18
9	10414	2.71	0.18
9	10434	2.715	0.18
9	10454	2.72	0.18
9	10474	2.725	0.18
9	10494	2.73	0.18
9	10514	2.735	0.18
9	10534	2.74	0.18
9	10554	2.745	0.18
9	10574	2.75	0.18
9	10594	2.755	0.18
9	10614	2.76	0.18
9	10634	2.765	0.18
9	10654	2.77	0.18
9	10674	2.775	0.18
9	10694	2.78	0.18
9	10714	2.785	0.18
9	10734	2.79	0.18
9	10754	2.795	0.18
9	10774	2.8	0.18
9	10794	2.805	0.18
9	10814	2.81	0.18
9	10834	2.815	0.18
9	10854	2.82	0.18
9	10874	2.825	0.18
9	10894	2.83	0.18
9	10914	2.835	0.18
9	10934	2.84	0.18
9	10954	2.845	0.18
9	10974	2.85	0.18
9	10994	2.855	0.18
9	11014	2.86	0.18
9	11034	2.865	0.18
9	11054	2.87	0.18
9	11074	2.875	0.18
9	11094	2.88	0.18
9	11114	2.885	0.18
9	11134	2.89	0.18
9	11154	2.895	0.18
9	11174	2.9	0.18
9	11194	2.905	0.18
9	11214	2.91	0.18
9	11234	2.915	0.18
9	11254	2.92	0.18
9	11274	2.925	0.18
9	11294	2.93	0.18
9	11314	2.935	0.18
9	11334	2.94	0.18
9	11354	2.945	0.18
9	11374	2.95	0.18
9	11394	2.955	0.18
9	11414	2.96	0.18
9	11434	2.965	0.18
9	11454	2.97	0.18
9	11474	2.975	0.18
9	11494	2.98	0.18
9	11514	2.985	0.18
9	11534	2.99	0.18
9	11554	2.995	0.18
9	11578	3	0.18
9	11598	3.005	0.18
9	11618	3.01	0.18
9	11638	3.015	0.18
9	11658	3.02	0.18
9	11678	3.025	0.18
9	11698	3.03	0.18
9	11718	3.035	0.18
9	11738	3.04	0.18
9	11758	3.045	0.18
9	11778	3.05	0.18
9	11798	3.055	0.18
9	11818	3.06	0.18
9	11838	3.065	0.18
9	11858	3.07	0.18
9	11878	3.075	0.18
9	11898	3.08	0.18
9	11918	3.085	0.18
9	11938	3.09	0.18
9	11958	3.095	0.18
9	11978	3.1	0.18
9	11998	3.105	0.18
9	12018	3.11	0.18
9	12038	3.115	0.18
9	12058	3.12	0.18
9	12078	3.125	0.18
9	12098	3.13	0.18
9	12118	3.135	0.18
9	12138	3.14	0.18
9	12158	3.145	0.18
9	12178	3.15	0.18
9	12198	3.155	0.18
9	12218	3.16	0.18
9	12238	3.165	0.18
9	12258	3.17	0.18
9	12278	3.175	0.18
9	12298	3.18	0.18
9	12318	3.185	0.18
9	12338	3.19	0.18
9	12358	3.195	0.18
9	12378	3.2	0.18
9	12398	3.205	0.18
9	12418	3.21	0.18
9	12438	3.215	0.18
9	12458	3.22	0.18
9	12478	3.225	0.18
9	12498	3.23	0.18
9	12518	3.235	0.18
9	12538	3.24	0.18
9	12558	3.245	0.18
9	12578	3.25	0.18
9	12598	3.255	0.18
9	12618	3.26	0.18
9	12638	3.265	0.18
9	12658	3.27	0.18
9	12678	3.275	0.18
9	12698	3.28	0.18
9	12718	3.285	0.18
9	12738	3.29	0.18
9	12758	3.295	0.18
9	12778	3.3	0.18
9	12798	3.305	0.18
9	12818	3.31	0.18
9	12838	3.315	0.18
9	12858	3.32	0.18
9	12878	3.325	0.18
9	12898	3.33	0.18
9	12918	3.335	0.18
9	12938	3.34	0.18
9	12958	3.345	0.18
9	12978	3.35	0.18
9	12998	3.355	0.18
9	13018	3.36	0.18
9	13038	3.365	0.18
9	13058	3.37	0.18
9	13078	3.375	0.18
9	13098	3.38	0.18
9	13118	3.385	0.18
9	13138	3.39	0.18
9	13158	3.395	0.18
9	13178	3.4	0.18
9	13198	3.405	0.18
9	13218	3.41	0.18
9	13238	3.415	0.18
9	13258	3.42	0.18
9	13278	3.425	0.18
9	13298	3.43	0.18
9	13318	3.435	0.18
9	13338	3.44	0.18
9	13358	3.445	0.18
9	13378	3.45	0.18
9	13398	3.455	0.18
9	13418	3.46	0.18
9	13438	3.465	0.18
9	13458	3.47	0.18
9	13478	3.475	0.18
9	13498	3.48	0.18
9	13518	3.485	0.18
9	13538	3.49	0.18
9	13558	3.495	0.18
9	13582	3.5	0.18
9	13602	3.505	0.18
9	13622	3.51	0.18
9	13642	3.515	0.18
9	13662	3.52	0.18
9	13682	3.525	0.18
9	13702	3.53	0.18
9	13722	3.535	0.18
9	13742	3.54	0.18
9	13762	3.545	0.18
9	13782	3.55	0.18
9	13802	3.555	0.18
9	13822	3.56	0.18
9	13842	3.565	0.18
9	13862	3.57	0.18
9	13882	3.575	0.18
9	13902	3.58	0.18
9	13922	3.585	0.18
9	13942	3.59	0.18
9	13962	3.595	0.18
9	13982	3.6	0.18
9	14002	3.605	0.18
9	14022	3.61	0.18
9	14042	3.615	0.18
9	14062	3.62	0.18
9	14082	3.625	0.18
9	14102	3.63	0.18
9	14122	3.635	0.18
9	14142	3.64	0.18
9	14162	3.645	0.18
9	14182	3.65	0.18
9	14202	3.655	0.18
9	14222	3.66	0.18
9	14242	3.665	0.18
9	14262	3.67	0.18
9	14282	3.675	0.18
9	14302	3.68	0.18
9	14322	3.685	0.18
9	14342	3.69	0.18
9	14362	3.695	0.18
9	14382	3.7	0.18
9	14402	3.705	0.18
9	14422	3.71	0.18
9	14442	3.715	0.18
9	14462	3.72	0.18
9	14482	3.725	0.18
9	14502	3.73	0.18
9	14522	3.735	0.18
9	14542	3.74	0.18
9	14562	3.745	0.18
9	14582	3.75	0.18
9	14602	3.755	0.18
9	14622	3.76	0.18
9	14642	3.765	0.18
9	14662	3.77	0.18
9	14682	3.775	0.18
9	14702	3.78	0.18
9	14722	3.785	0.18
9	14742	3.79	0.18
9	14762	3.795	0.18
9	14782	3.8	0.18
9	14802	3.805	0.18
9	14822	3.81	0.18
9	14842	3.815	0.18
9	14862	3.82	0.18
9	14882	3.825	0.18
9	14902	3.83	0.18
9	14922	3.835	0.18
9	14942	3.84	0.18
9	14962	3.845	0.18
9	14982	3.85	0.18
9	15002	3.855	0.18
9	15022	3.86	0.18
9	15042	3.865	0.18
9	15062	3.87	0.18
9	15082	3.875	0.18
9	15102	3.88	0.18
9	15122	3.885	0.18
9	15142	3.89	0.18
9	15162	3.895	0.18
9	15182	3.9	0.18
9	15202	3.905	0.18
9	15222	3.91	0.18
9	15242	3.915	0.18
9	15262	3.92	0.18
9	15282	3.925	0.18
9	15302	3.93	0.18
9	15322	3.935	0.18
9	15342	3.94	0.18
9	15362	3.945	0.18
9	15382	3.95	0.18
9	15402	3.955	0.18
9	15422	3.96	0.18
9	15442	3.965	0.18
9	15462	3.97	0.18
9	15482	3.975	0.18
9	15502	3.98	0.18
9	15522	3.985	0.18
9	15542	3.99	0.18
9	15562	3.995	0.18
9	15586	4	0.18
9	15606	4.005	0.18
9	15626	4.01	0.18
9	15646	4.015	0.18
9	15666	4.02	0.18
9	15686	4.025	0.18
9	15706	4.03	0.18
9	15726	4.035	0.18
9	15746	4.04	0.18
9	15766	4.045	0.18
9	15786	4.05	0.18
9	15806	4.055	0.18
9	15826	4.06	0.18
9	15846	4.065	0.18
9	15866	4.07	0.18
9	15886	4.075	0.18
9	15906	4.08	0.18
9	15926	4.085	0.18
9	15946	4.09	0.18
9	15966	4.095	0.18
9	15986	4.1	0.18
9	16006	4.105	0.18
9	16026	4.11	0.18
9	16046	4.115	0.18
9	16066	4.12	0.18
9	16086	4.125	0.18
9	16106	4.13	0.18
9	16126	4.135	0.18
9	16146	4.14	0.18
9	16166	4.145	0.18
9	16186	4.15	0.18
9	16206	4.155	0.18
9	16226	4.16	0.18
9	16246	4.165	0.18
9	16266	4.17	0.18
9	16286	4.175	0.18
9	16306	4.18	0.18
9	16326	4.185	0.18
9	16346	4.19	0.18
9	16366	4.195	0.18
9	16386	4.2	0.18
9	16406	4.205	0.18
9	16426	4.21	0.18
9	16446	4.215	0.18
9	16466	4.22	0.18
9	16486	4.225	0.18
9	16506	4.23	0.18
9	16526	4.235	0.18
9	16546	4.24	0.18
9	16566	4.245	0.18
9	16586	4.25	0.18
9	16606	4.255	0.18
9	16626	4.26	0.18
9	16646	4.265	0.18
9	16666	4.27	0.18
9	16686	4.275	0.18
9	16706	4.28	0.18
9	16726	4.285	0.18
9	16746	4.29	0.18
9	16766	4.295	0.18
9	16786	4.3	0.18
9	16806	4.305	0.18
9	16826	4.31	0.18
9	16846	4.315	0.18
9	16866	4.32	0.18
9	16886	4.325	0.18
9	16906	4.33	0.18
9	16926	4.335	0.18
9	16946	4.34	0.18
9	16966	4.345	0.18
9	16986	4.35	0.18
9	17006	4.355	0.18
9	17026	4.36	0.18
9	17046	4.365	0.18
9	17066	4.37	0.18
9	17086	4.375	0.18
9	17106	4.38	0.18
9	17126	4.385	0.18
9	17146	4.39	0.18
9	17166	4.395	0.18
9	17186	4.4	0.18
9	17206	4.405	0.18
9	17226	4.41	0.18
9	17246	4.415	0.18
9	17266	4.42	0.18
9	17286	4.425	0.18
9	17306	4.43	0.18
9	17326	4.435	0.18
9	17346	4.44	0.18
9	17366	4.445	0.18
9	17386	4.45	0.18
9	17406	4.455	0.18
9	17426	4.46	0.18
9	17446	4.465	0.18
9	17466	4.47	0.18
9	17486	4.475	0.18
9	17506	4.48	0.18
9	17526	4.485	0.18
9	17546	4.49	0.18
9	17566	4.495	0.18
9	17590	4.5	0.18
9	17610	4.505	0.18
9	17630	4.51	0.18
9	17650	4.515	0.18
9	17670	4.52	0.18
9	17690	4.525	0.18
9	17710	4.53	0.18
9	17730	4.535	0.18
9	17750	4.54	0.18
9	17770	4.545	0.18
9	17790	4.55	0.18
9	17810	4.555	0.18
9	17830	4.56	0.18
9	17850	4.565	0.18
9	17870	4.57	0.18
9	17890	4.575	0.18
9	17910	4.58	0.18
9	17930	4.585	0.18
9	17950	4.59	0.18
9	17970	4.595	0.18
9	17990	4.6	0.18
9	18010	4.605	0.18
9	18030	4.61	0.18
9	18050	4.615	0.18
9	18070	4.62	0.18
9	18090	4.625	0.18
9	18110	4.63	0.18
9	18130	4.635	0.18
9	18150	4.64	0.18
9	18170	4.645	0.18
9	18190	4.65	0.18
9	18210	4.655	0.18
9	18230	4.66	0.18
9	18250	4.665	0.18
9	18270	4.67	0.18
9	18290	4.675	0.18
9	18310	4.68	0.18
9	18330	4.685	0.18
9	18350	4.69	0.18
9	18370	4.695	0.18
9	18390	4.7	0.18
9	18410	4.705	0.18
9	18430	4.71	0.18
9	18450	4.715	0.18
9	18470	4.72	0.18
9	18490	4.725	0.18
9	18510	4.73	0.18
9	18530	4.735	0.18
9	18550	4.74	0.18
9	18570	4.745	0.18
9	18590	4.75	0.18
9	18610	4.755	0.18
9	18630	4.76	0.18
9	18650	4.765	0.18
9	18670	4.77	0.18
9	18690	4.775	0.18
9	18710	4.78	0.18
9	18730	4.785	0.18
9	18750	4.79	0.18
9	18770	4.795	0.18
9	18790	4.8	0.18
9	18810	4.805	0.18
9	18830	4.81	0.18
9	18850	4.815	0.18
9	18870	4.82	0.18
9	18890	4.825	0.18
9	18910	4.83	0.18
9	18930	4.835	0.18
9	18950	4.84	0.18
9	18970	4.845	0.18
9	18990	4.85	0.18
9	19010	4.855	0.18
9	19030	4.86	0.18
9	19050	4.865	0.18
9	19070	4.87	0.18
9	19090	4.875	0.18
9	19110	4.88	0.18
9	19130	4.885	0.18
9	19150	4.89	0.18
9	19170	4.895	0.18
9	19190	4.9	0.18
9	19210	4.905	0.18
9	19230	4.91	0.18
9	19250	4.915	0.18
9	19270	4.92	0.18
9	19290	4.925	0.18
9	19310	4.93	0.18
9	19330	4.935	0.18
9	19350	4.94	0.18
9	19370	4.945	0.18
9	19390	4.95	0.18
9	19410	4.955	0.18
9	19430	4.96	0.18
9	19450	4.965	0.18
9	19470	4.97	0.18
9	19490	4.975	0.18
9	19510	4.98	0.18
9	19530	4.985	0.18
9	19550	4.99	0.18
9	19570	4.995	0.18
9	19594	5	0.18
9	19614	5.005	0.18
9	19634	5.01	0.18
9	19654	5.015	0.18
9	19674	5.02	0.18
9	19694	5.025	0.18
9	19714	5.03	0.18
9	19734	5.035	0.18
9	19754	5.04	0.18
9	19774	5.045	0.18
9	19794	5.05	0.18
9	19814	5.055	0.18
9	19834	5.06	0.18
9	19854	5.065	0.18
9	19874	5.07	0.18
9	19894	5.075	0.18
9	19914	5.08	0.18
9	19934	5.085	0.18
9	19954	5.09	0.18
9	19974	5.095	0.18
9	19994	5.1	0.18
9	20014	5.105	0.18
9	20034	5.11	0.18
9	20054	5.115	0.18
9	20074	5.12	0.18
9	20094	5.125	0.18
9	20114	5.13	0.18
9	20134	5.135	0.18
9	20154	5.14	0.18
9	20174	5.145	0.18
9	20194	5.15	0.18
9	20214	5.155	0.18
9	20234	5.16	0.18
9	20254	5.165	0.18
9	20274	5.17	0.18
9	20294	5.175	0.18
9	20314	5.18	0.18
9	20334	5.185	0.18
9	20354	5.19	0.18
9	20374	5.195	0.18
9	20394	5.2	0.18
9	20414	5.205	0.18
9	20434	5.21	0.18
9	20454	5.215	0.18
9	20474	5.22	0.18
9	20494	5.225	0.18
9	20514	5.23	0.18
9	20534	5.235	0.18
9	20554	5.24	0.18
9	20574	5.245	0.18
9	20594	5.25	0.18
9	20614	5.255	0.18
9	20634	5.26	0.18
9	20654	5.265	0.18
9	20674	5.27	0.18
9	20694	5.275	0.18
9	20714	5.28	0.18
9	20734	5.285	0.18
9	20754	5.29	0.18
9	20774	5.295	0.18
9	20794	5.3	0.18
9	20814	5.305	0.18
9	20834	5.31	0.18
9	20854	5.315	0.18
9	20874	5.32	0.18
9	20894	5.325	0.18
9	20914	5.33	0.18
9	20934	5.335	0.18
9	20954	5.34	0.18
9	20974	5.345	0.18
9	20994	5.35	0.18
9	21014	5.355	0.18
9	21034	5.36	0.18
9	21054	5.365	0.18
9	21074	5.37	0.18
9	21094	5.375	0.18
9	21114	5.38	0.18
9	21134	5.385	0.18
9	21154	5.39	0.18
9	21174	5.395	0.18
9	21194	5.4	0.18
9	21214	5.405	0.18
9	21234	5.41	0.18
9	21254	5.415	0.18
9	21274	5.42	0.18
9	21294	5.425	0.18
9	21314	5.43	0.18
9	21334	5.435	0.18
9	21354	5.44	0.18
9	21374	5.445	0.18
9	21394	5.45	0.18
9	21414	5.455	0.18
9	21434	5.46	0.18
9	21454	5.465	0.18
9	21474	5.47	0.18
9	21494	5.475	0.18
9	21514	5.48	0.18
9	21534	5.485	0.18
9	21554	5.49	0.18
9	21574	5.495	0.18
9	21598	5.5	0.18
9	21618	5.505	0.18
9	21638	5.51	0.18
9	21658	5.515	0.18
9	21678	5.52	0.18
9	21698	5.525	0.18
9	21718	5.53	0.18
9	21738	5.535	0.18
9	21758	5.54	0.18
9	21778	5.545	0.18
9	21798	5.55	0.18
9	21818	5.555	0.18
9	21838	5.56	0.18
9	21858	5.565	0.18
9	21878	5.57	0.18
9	21898	5.575	0.18
9	21918	5.58	0.18
9	21938	5.585	0.18
9	21958	5.59	0.18
9	21978	5.595	0.18
9	21998	5.6	0.18
9	22018	5.605	0.18
9	22038	5.61	0.18
9	22058	5.615	0.18
9	22078	5.62	0.18
9	22098	5.625	0.18
9	22118	5.63	0.18
9	22138	5.635	0.18
9	22158	5.64	0.18
9	22178	5.645	0.18
9	22198	5.65	0.18
9	22218	5.655	0.18
9	22238	5.66	0.18
9	22258	5.665	0.18
9	22278	5.67	0.18
9	22298	5.675	0.18
9	22318	5.68	0.18
9	22338	5.685	0.18
9	22358	5.69	0.18
9	22378	5.695	0.18
9	22398	5.7	0.18
9	22418	5.705	0.18
9	22438	5.71	0.18
9	22458	5.715	0.18
9	22478	5.72	0.18
9	22498	5.725	0.18
9	22518	5.73	0.18
9	22538	5.735	0.18
9	22558	5.74	0.18
9	22578	5.745	0.18
9	22598	5.75	0.18
9	22618	5.755	0.18
9	22638	5.76	0.18
9	22658	5.765	0.18
9	22678	5.77	0.18
9	22698	5.775	0.18
9	22718	5.78	0.18
9	22738	5.785	0.18
9	22758	5.79	0.18
9	22778	5.795	0.18
9	22798	5.8	0.18
9	22818	5.805	0.18
9	22838	5.81	0.18
9	22858	5.815	0.18
9	22878	5.82	0.18
9	22898	5.825	0.18
9	22918	5.83	0.18
9	22938	5.835	0.18
9	22958	5.84	0.18
9	22978	5.845	0.18
9	22998	5.85	0.18
9	23018	5.855	0.18
9	23038	5.86	0.18
9	23058	5.865	0.18
9	23078	5.87	0.18
9	23098	5.875	0.18
9	23118	5.88	0.18
9	23138	5.885	0.18
9	23158	5.89	0.18
9	23178	5.895	0.18
9	23198	5.9	0.18
9	23218	5.905	0.18
9	23238	5.91	0.18
9	23258	5.915	0.18
9	23278	5.92	0.18
9	23298	5.925	0.18
9	23318	5.93	0.18
9	23338	5.935	0.18
9	23358	5.94	0.18
9	23378	5.945	0.18
9	23398	5.95	0.18
9	23418	5.955	0.18
9	23438	5.96	0.18
9	23458	5.965	0.18
9	23478	5.97	0.18
9	23498	5.975	0.18
9	23518	5.98	0.18
9	23538	5.985	0.18
9	23558	5.99	0.18
9	23578	5.995	0.18
9	23602	6	0.18
9	23622	6.005	0.18
9	23642	6.01	0.18
9	23662	6.015	0.18
9	23682	6.02	0.18
9	23702	6.025	0.18
9	23722	6.03	0.18
9	23742	6.035	0.18
9	23762	6.04	0.18
9	23782	6.045	0.18
9	23802	6.05	0.18
9	23822	6.055	0.18
9	23842	6.06	0.18
9	23862	6.065	0.18
9	23882	6.07	0.18
9	23902	6.075	0.18
9	23922	6.08	0.18
9	23942	6.085	0.18
9	23962	6.09	0.18
9	23982	6.095	0.18
9	24002	6.1	0.18
9	24022	6.105	0.18
9	24042	6.11	0.18
9	24062	6.115	0.18
9	24082	6.12	0.18
9	24102	6.125	0.18
9	24122	6.13	0.18
9	24142	6.135	0.18
9	24162	6.14	0.18
9	24182	6.145	0.18
9	24202	6.15	0.18
9	24222	6.155	0.18
9	24242	6.16	0.18
9	24262	6.165	0.18
9	24282	6.17	0.18
9	24302	6.175	0.18
9	24322	6.18	0.18
9	24342	6.185	0.18
9	24362	6.19	0.18
9	24382	6.195	0.18
9	24402	6.2	0.18
9	24422	6.205	0.18
9	24442	6.21	0.18
9	24462	6.215	0.18
9	24482	6.22	0.18
9	24502	6.225	0.18
9	24522	6.23	0.18
9	24542	6.235	0.18
9	24562	6.24	0.18
9	24582	6.245	0.18
9	24602	6.25	0.18
9	24622	6.255	0.18
9	24642	6.26	0.18
9	24662	6.265	0.18
9	24682	6.27	0.18
9	24702	6.275	0.18
9	24722	6.28	0.18
9	24742	6.285	0.18
9	24762	6.29	0.18
9	24782	6.295	0.18
9	24802	6.3	0.18
9	24822	6.305	0.18
9	24842	6.31	0.18
9	24862	6.315	0.18
9	24882	6.32	0.18
9	24902	6.325	0.18
9	24922	6.33	0.18
9	24942	6.335	0.18
9	24962	6.34	0.18
9	24982	6.345	0.18
9	25002	6.35	0.18
9	25022	6.355	0.18
9	25042	6.36	0.18
9	25062	6.365	0.18
9	25082	6.37	0.18
9	25102	6.375	0.18
9	25122	6.38	0.18
9	25142	6.385	0.18
9	25162	6.39	0.18
9	25182	6.395	0.18
9	25202	6.4	0.18
9	25222	6.405	0.18
9	25242	6.41	0.18
9	25262	6.415	0.18
9	25282	6.42	0.18
9	25302	6.425	0.18
9	25322	6.43	0.18
9	25342	6.435	0.18
9	25362	6.44	0.18
9	25382	6.445	0.18
9	25402	6.45	0.18
9	25422	6.455	0.18
9	25442	6.46	0.18
9	25462	6.465	0.18
9	25482	6.47	0.18
9	25502	6.475	0.18
9	25522	6.48	0.18
9	25542	6.485	0.18
9	25562	6.49	0.18
9	25582	6.495	0.18
9	25606	6.5	0.18
9	25626	6.505	0.18
9	25646	6.51	0.18
9	25666	6.515	0.18
9	25686	6.52	0.18
9	25706	6.525	0.18
9	25726	6.53	0.18
9	25746	6.535	0.18
9	25766	6.54	0.18
9	25786	6.545	0.18
9	25806	6.55	0.18
9	25826	6.555	0.18
9	25846	6.56	0.18
9	25866	6.565	0.18
9	25886	6.57	0.18
9	25906	6.575	0.18
9	25926	6.58	0.18
9	25946	6.585	0.18
9	25966	6.59	0.18
9	25986	6.595	0.18
9	26006	6.6	0.18
9	26026	6.605	0.18
9	26046	6.61	0.18
9	26066	6.615	0.18
9	26086	6.62	0.18
9	26106	6.625	0.18
9	26126	6.63	0.18
9	26146	6.635	0.18
9	26166	6.64	0.18
9	26186	6.645	0.18
9	26206	6.65	0.18
9	26226	6.655	0.18
9	26246	6.66	0.18
9	26266	6.665	0.18
9	26286	6.67	0.18
9	26306	6.675	0.18
9	26326	6.68	0.18
9	26346	6.685	0.18
9	26366	6.69	0.18
9	26386	6.695	0.18
9	26406	6.7	0.18
9	26426	6.705	0.18
9	26446	6.71	0.18
9	26466	6.715	0.18
9	26486	6.72	0.18
9	26506	6.725	0.18
9	26526	6.73	0.18
9	26546	6.735	0.18
9	26566	6.74	0.18
9	26586	6.745	0.18
9	26606	6.75	0.18
9	26626	6.755	0.18
9	26646	6.76	0.18
9	26666	6.765	0.18
9	26686	6.77	0.18
9	26706	6.775	0.18
9	26726	6.78	0.18
9	26746	6.785	0.18
9	26766	6.79	0.18
9	26786	6.795	0.18
9	26806	6.8	0.18
9	26826	6.805	0.18
9	26846	6.81	0.18
9	26866	6.815	0.18
9	26886	6.82	0.18
9	26906	6.825	0.18
9	26926	6.83	0.18
9	26946	6.835	0.18
9	26966	6.84	0.18
9	26986	6.845	0.18
9	27006	6.85	0.18
9	27026	6.855	0.18
9	27046	6.86	0.18
9	27066	6.865	0.18
9	27086	6.87	0.18
9	27106	6.875	0.18
9	27126	6.88	0.18
9	27146	6.885	0.18
9	27166	6.89	0.18
9	27186	6.895	0.18
9	27206	6.9	0.18
9	27226	6.905	0.18
9	27246	6.91	0.18
9	27266	6.915	0.18
9	27286	6.92	0.18
9	27306	6.925	0.18
9	27326	6.93	0.18
9	27346	6.935	0.18
9	27366	6.94	0.18
9	27386	6.945	0.18
9	27406	6.95	0.18
9	27426	6.955	0.18
9	27446	6.96	0.18
9	27466	6.965	0.18
9	27486	6.97	0.18
9	27506	6.975	0.18
9	27526	6.98	0.18
9	27546	6.985	0.18
9	27566	6.99	0.18
9	27586	6.995	0.18
9	27610	7	0.18
9	27630	7.005	0.18
9	27650	7.01	0.18
9	27670	7.015	0.18
9	27690	7.02	0.18
9	27710	7.025	0.18
9	27730	7.03	0.18
9	27750	7.035	0.18
9	27770	7.04	0.18
9	27790	7.045	0.18
9	27810	7.05	0.18
9	27830	7.055	0.18
9	27850	7.06	0.18
9	27870	7.065	0.18
9	27890	7.07	0.18
9	27910	7.075	0.18
9	27930	7.08	0.18
9	27950	7.085	0.18
9	27970	7.09	0.18
9	27990	7.095	0.18
9	28010	7.1	0.18
9	28030	7.105	0.18
9	28050	7.11	0.18
9	28070	7.115	0.18
9	28090	7.12	0.18
9	28110	7.125	0.18
9	28130	7.13	0.18
9	28150	7.135	0.18
9	28170	7.14	0.18
9	28190	7.145	0.18
9	28210	7.15	0.18
9	28230	7.155	0.18
9	28250	7.16	0.18
9	28270	7.165	0.18
9	28290	7.17	0.18
9	28310	7.175	0.18
9	28330	7.18	0.18
9	28350	7.185	0.18
9	28370	7.19	0.18
9	28390	7.195	0.18
9	28410	7.2	0.18
9	28430	7.205	0.18
9	28450	7.21	0.18
9	28470	7.215	0.18
9	28490	7.22	0.18
9	28510	7.225	0.18
9	28530	7.23	0.18
9	28550	7.235	0.18
9	28570	7.24	0.18
9	28590	7.245	0.18
9	28610	7.25	0.18
9	28630	7.255	0.18
9	28650	7.26	0.18
9	28670	7.265	0.18
9	28690	7.27	0.18
9	28710	7.275	0.18
9	28730	7.28	0.18
9	28750	7.285	0.18
9	28770	7.29	0.18
9	28790	7.295	0.18
9	28810	7.3	0.18
9	28830	7.305	0.18
9	28850	7.31	0.18
9	28870	7.315	0.18
9	28890	7.32	0.18
9	28910	7.325	0.18
9	28930	7.33	0.18
9	28950	7.335	0.18
9	28970	7.34	0.18
9	28990	7.345	0.18
9	29010	7.35	0.18
9	29030	7.355	0.18
9	29050	7.36	0.18
9	29070	7.365	0.18
9	29090	7.37	0.18
9	29110	7.375	0.18
9	29130	7.38	0.18
9	29150	7.385	0.18
9	29170	7.39	0.18
9	29190	7.395	0.18
9	29210	7.4	0.18
9	29230	7.405	0.18
9	29250	7.41	0.18
9	29270	7.415	0.18
9	29290	7.42	0.18
9	29310	7.425	0.18
9	29330	7.43	0.18
9	29350	7.435	0.18
9	29370	7.44	0.18
9	29390	7.445	0.18
9	29410	7.45	0.18
9	29430	7.455	0.18
9	29450	7.46	0.18
9	29470	7.465	0.18
9	29490	7.47	0.18
9	29510	7.475	0.18
9	29530	7.48	0.18
9	29550	7.485	0.18
9	29570	7.49	0.18
9	29590	7.495	0.18
9	29614	7.5	0.18
9	29634	7.505	0.18
9	29654	7.51	0.18
9	29674	7.515	0.18
9	29694	7.52	0.18
9	29714	7.525	0.18
9	29734	7.53	0.18
9	29754	7.535	0.18
9	29774	7.54	0.18
9	29794	7.545	0.18
9	29814	7.55	0.18
9	29834	7.555	0.18
9	29854	7.56	0.18
9	29874	7.565	0.18
9	29894	7.57	0.18
9	29914	7.575	0.18
9	29934	7.58	0.18
9	29954	7.585	0.18
9	29974	7.59	0.18
9	29994	7.595	0.18
9	30014	7.6	0.18
9	30034	7.605	0.18
9	30054	7.61	0.18
9	30074	7.615	0.18
9	30094	7.62	0.18
9	30114	7.625	0.18
9	30134	7.63	0.18
9	30154	7.635	0.18
9	30174	7.64	0.18
9	30194	7.645	0.18
9	30214	7.65	0.18
9	30234	7.655	0.18
9	30254	7.66	0.18
9	30274	7.665	0.18
9	30294	7.67	0.18
9	30314	7.675	0.18
9	30334	7.68	0.18
9	30354	7.685	0.18
9	30374	7.69	0.18
9	30394	7.695	0.18
9	30414	7.7	0.18
9	30434	7.705	0.18
9	30454	7.71	0.18
9	30474	7.715	0.18
9	30494	7.72	0.18
9	30514	7.725	0.18
9	30534	7.73	0.18
9	30554	7.735	0.18
9	30574	7.74	0.18
9	30594	7.745	0.18
9	30614	7.75	0.18
9	30634	7.755	0.18
9	30654	7.76	0.18
9	30674	7.765	0.18
9	30694	7.77	0.18
9	30714	7.775	0.18
9	30734	7.78	0.18
9	30754	7.785	0.18
9	30774	7.79	0.18
9	30794	7.795	0.18
9	30814	7.8	0.18
9	30834	7.805	0.18
9	30854	7.81	0.18
9	30874	7.815	0.18
9	30894	7.82	0.18
9	30914	7.825	0.18
9	30934	7.83	0.18
9	30954	7.835	0.18
9	30974	7.84	0.18
9	30994	7.845	0.18
9	31014	7.85	0.18
9	31034	7.855	0.18
9	31054	7.86	0.18
9	31074	7.865	0.18
9	31094	7.87	0.18
9	31114	7.875	0.18
9	31134	7.88	0.18
9	31154	7.885	0.18
9	31174	7.89	0.18
9	31194	7.895	0.18
9	31214	7.9	0.18
9	31234	7.905	0.18
9	31254	7.91	0.18
9	31274	7.915	0.18
9	31294	7.92	0.18
9	31314	7.925	0.18
9	31334	7.93	0.18
9	31354	7.935	0.18
9	31374	7.94	0.18
9	31394	7.945	0.18
9	31414	7.95	0.18
9	31434	7.955	0.18
9	31454	7.96	0.18
9	31474	7.965	0.18
9	31494	7.97	0.18
9	31514	7.975	0.18
9	31534	7.98	0.18
9	31554	7.985	0.18
9	31574	7.99	0.18
9	31594	7.995	0.18
9	31618	8	0.18
9	31638	8.005	0.18
9	31658	8.01	0.18
9	31678	8.015	0.18
9	31698	8.02	0.18
9	31718	8.025	0.18
9	31738	8.03	0.18
9	31758	8.035	0.18
9	31778	8.04	0.18
9	31798	8.045	0.18
9	31818	8.05	0.18
9	31838	8.055	0.18
9	31858	8.06	0.18
9	31878	8.065	0.18
9	31898	8.07	0.18
9	31918	8.075	0.18
9	31938	8.08	0.18
9	31958	8.085	0.18
9	31978	8.09	0.18
9	31998	8.095	0.18
9	32018	8.1	0.18
9	32038	8.105	0.18
9	32058	8.11	0.18
9	32078	8.115	0.18
9	32098	8.12	0.18
9	32118	8.125	0.18
9	32138	8.13	0.18
9	32158	8.135	0.18
9	32178	8.14	0.18
9	32198	8.145	0.18
9	32218	8.15	0.18
9	32238	8.155	0.18
9	32258	8.16	0.18
9	32278	8.165	0.18
9	32298	8.17	0.18
9	32318	8.175	0.18
9	32338	8.18	0.18
9	32358	8.185	0.18
9	32378	8.19	0.18
9	32398	8.195	0.18
9	32418	8.2	0.18
9	32438	8.205	0.18
9	32458	8.21	0.18
9	32478	8.215	0.18
9	32498	8.22	0.18
9	32518	8.225	0.18
9	32538	8.23	0.18
9	32558	8.235	0.18
9	32578	8.24	0.18
9	32598	8.245	0.18
9	32618	8.25	0.18
9	32638	8.255	0.18
9	32658	8.26	0.18
9	32678	8.265	0.18
9	32698	8.27	0.18
9	32718	8.275	0.18
9	32738	8.28	0.18
9	32758	8.285	0.18
9	32778	8.29	0.18
9	32798	8.295	0.18
9	32818	8.3	0.18
9	32838	8.305	0.18
9	32858	8.31	0.18
9	32878	8.315	0.18
9	32898	8.32	0.18
9	32918	8.325	0.18
9	32938	8.33	0.18
9	32958	8.335	0.18
9	32978	8.34	0.18
9	32998	8.345	0.18
9	33018	8.35	0.18
9	33038	8.355	0.18
9	33058	8.36	0.18
9	33078	8.365	0.18
9	33098	8.37	0.18
9	33118	8.375	0.18
9	33138	8.38	0.18
9	33158	8.385	0.18
9	33178	8.39	0.18
9	33198	8.395	0.18
9	33218	8.4	0.18
9	33238	8.405	0.18
9	33258	8.41	0.18
9	33278	8.415	0.18
9	33298	8.42	0.18
9	33318	8.425	0.18
9	33338	8.43	0.18
9	33358	8.435	0.18
9	33378	8.44	0.18
9	33398	8.445	0.18
9	33418	8.45	0.18
9	33438	8.455	0.18
9	33458	8.46	0.18
9	33478	8.465	0.18
9	33498	8.47	0.18
9	33518	8.475	0.18
9	33538	8.48	0.18
9	33558	8.485	0.18
9	33578	8.49	0.18
9	33598	8.495	0.18
9	33622	8.5	0.18
9	33642	8.505	0.18
9	33662	8.51	0.18
9	33682	8.515	0.18
9	33702	8.52	0.18
9	33722	8.525	0.18
9	33742	8.53	0.18
9	33762	8.535	0.18
9	33782	8.54	0.18
9	33802	8.545	0.18
9	33822	8.55	0.18
9	33842	8.555	0.18
9	33862	8.56	0.18
9	33882	8.565	0.18
9	33902	8.57	0.18
9	33922	8.575	0.18
9	33942	8.58	0.18
9	33962	8.585	0.18
9	33982	8.59	0.18
9	34002	8.595	0.18
9	34022	8.6	0.18
9	34042	8.605	0.18
9	34062	8.61	0.18
9	34082	8.615	0.18
9	34102	8.62	0.18
9	34122	8.625	0.18
9	34142	8.63	0.18
9	34162	8.635	0.18
9	34182	8.64	0.18
9	34202	8.645	0.18
9	34222	8.65	0.18
9	34242	8.655	0.18
9	34262	8.66	0.18
9	34282	8.665	0.18
9	34302	8.67	0.18
9	34322	8.675	0.18
9	34342	8.68	0.18
9	34362	8.685	0.18
9	34382	8.69	0.18
9	34402	8.695	0.18
9	34422	8.7	0.18
9	34442	8.705	0.18
9	34462	8.71	0.18
9	34482	8.715	0.18
9	34502	8.72	0.18
9	34522	8.725	0.18
9	34542	8.73	0.18
9	34562	8.735	0.18
9	34582	8.74	0.18
9	34602	8.745	0.18
9	34622	8.75	0.18
9	34642	8.755	0.18
9	34662	8.76	0.18
9	34682	8.765	0.18
9	34702	8.77	0.18
9	34722	8.775	0.18
9	34742	8.78	0.18
9	34762	8.785	0.18
9	34782	8.79	0.18
9	34802	8.795	0.18
9	34822	8.8	0.18
9	34842	8.805	0.18
9	34862	8.81	0.18
9	34882	8.815	0.18
9	34902	8.82	0.18
9	34922	8.825	0.18
9	34942	8.83	0.18
9	34962	8.835	0.18
9	34982	8.84	0.18
9	35002	8.845	0.18
9	35022	8.85	0.18
9	35042	8.855	0.18
9	35062	8.86	0.18
9	35082	8.865	0.18
9	35102	8.87	0.18
9	35122	8.875	0.18
9	35142	8.88	0.18
9	35162	8.885	0.18
9	35182	8.89	0.18
9	35202	8.895	0.18
9	35222	8.9	0.18
9	35242	8.905	0.18
9	35262	8.91	0.18
9	35282	8.915	0.18
9	35302	8.92	0.18
9	35322	8.925	0.18
9	35342	8.93	0.18
9	35362	8.935	0.18
9	35382	8.94	0.18
9	35402	8.945	0.18
9	35422	8.95	0.18
9	35442	8.955	0.18
9	35462	8.96	0.18
9	35482	8.965	0.18
9	35502	8.97	0.18
9	35522	8.975	0.18
9	35542	8.98	0.18
9	35562	8.985	0.18
9	35582	8.99	0.18
9	35602	8.995	0.18
9	35626	9	0.18
9	35646	9.005	0.18
9	35666	9.01	0.18
9	35686	9.015	0.18
9	35706	9.02	0.18
9	35726	9.025	0.18
9	35746	9.03	0.18
9	35766	9.035	0.18
9	35786	9.04	0.18
9	35806	9.045	0.18
9	35826	9.05	0.18
9	35846	9.055	0.18
9	35866	9.06	0.18
9	35886	9.065	0.18
9	35906	9.07	0.18
9	35926	9.075	0.18
9	35946	9.08	0.18
9	35966	9.085	0.18
9	35986	9.09	0.18
9	36006	9.095	0.18
9	36026	9.1	0.18
9	36046	9.105	0.18
9	36066	9.11	0.18
9	36086	9.115	0.18
9	36106	9.12	0.18
9	36126	9.125	0.18
9	36146	9.13	0.18
9	36166	9.135	0.18
9	36186	9.14	0.18
9	36206	9.145	0.18
9	36226	9.15	0.18
9	36246	9.155	0.18
9	36266	9.16	0.18
9	36286	9.165	0.18
9	36306	9.17	0.18
9	36326	9.175	0.18
9	36346	9.18	0.18
9	36366	9.185	0.18
9	36386	9.19	0.18
9	36406	9.195	0.18
9	36426	9.2	0.18
9	36446	9.205	0.18
9	36466	9.21	0.18
9	36486	9.215	0.18
9	36506	9.22	0.18
9	36526	9.225	0.18
9	36546	9.23	0.18
9	36566	9.235	0.18
9	36586	9.24	0.18
9	36606	9.245	0.18
9	36626	9.25	0.18
9	36646	9.255	0.18
9	36666	9.26	0.18
9	36686	9.265	0.18
9	36706	9.27	0.18
9	36726	9.275	0.18
9	36746	9.28	0.18
9	36766	9.285	0.18
9	36786	9.29	0.18
9	36806	9.295	0.18
9	36826	9.3	0.18
9	36846	9.305	0.18
9	36866	9.31	0.18
9	36886	9.315	0.18
9	36906	9.32	0.18
9	36926	9.325	0.18
9	36946	9.33	0.18
9	36966	9.335	0.18
9	36986	9.34	0.18
9	37006	9.345	0.18
9	37026	9.35	0.18
9	37046	9.355	0.18
9	37066	9.36	0.18
9	37086	9.365	0.18
9	37106	9.37	0.18
9	37126	9.375	0.18
9	37146	9.38	0.18
9	37166	9.385	0.18
9	37186	9.39	0.18
9	37206	9.395	0.18
9	37226	9.4	0.18
9	37246	9.405	0.18
9	37266	9.41	0.18
9	37286	9.415	0.18
9	37306	9.42	0.18
9	37326	9.425	0.18
9	37346	9.43	0.18
9	37366	9.435	0.18
9	37386	9.44	0.18
9	37406	9.445	0.18
9	37426	9.45	0.18
9	37446	9.455	0.18
9	37466	9.46	0.18
9	37486	9.465	0.18
9	37506	9.47	0.18
9	37526	9.475	0.18
9	37546	9.48	0.18
9	37566	9.485	0.18
9	37586	9.49	0.18
9	37606	9.495	0.18
9	37630	9.5	0.18
9	37650	9.505	0.18
9	37670	9.51	0.18
9	37690	9.515	0.18
9	37710	9.52	0.18
9	37730	9.525	0.18
9	37750	9.53	0.18
9	37770	9.535	0.18
9	37790	9.54	0.18
9	37810	9.545	0.18
9	37830	9.55	0.18
9	37850	9.555	0.18
9	37870	9.56	0.18
9	37890	9.565	0.18
9	37910	9.57	0.18
9	37930	9.575	0.18
9	37950	9.58	0.18
9	37970	9.585	0.18
9	37990	9.59	0.18
9	38010	9.595	0.18
9	38030	9.6	0.18
9	38050	9.605	0.18
9	38070	9.61	0.18
9	38090	9.615	0.18
9	38110	9.62	0.18
9	38130	9.625	0.18
9	38150	9.63	0.18
9	38170	9.635	0.18
9	38190	9.64	0.18
9	38210	9.645	0.18
9	38230	9.65	0.18
9	38250	9.655	0.18
9	38270	9.66	0.18
9	38290	9.665	0.18
9	38310	9.67	0.18
9	38330	9.675	0.18
9	38350	9.68	0.18
9	38370	9.685	0.18
9	38390	9.69	0.18
9	38410	9.695	0.18
9	38430	9.7	0.18
9	38450	9.705	0.18
9	38470	9.71	0.18
9	38490	9.715	0.18
9	38510	9.72	0.18
9	38530	9.725	0.18
9	38550	9.73	0.18
9	38570	9.735	0.18
9	38590	9.74	0.18
9	38610	9.745	0.18
9	38630	9.75	0.18
9	38650	9.755	0.18
9	38670	9.76	0.18
9	38690	9.765	0.18
9	38710	9.77	0.18
9	38730	9.775	0.18
9	38750	9.78	0.18
9	38770	9.785	0.18
9	38790	9.79	0.18
9	38810	9.795	0.18
9	38830	9.8	0.18
9	38850	9.805	0.18
9	38870	9.81	0.18
9	38890	9.815	0.18
9	38910	9.82	0.18
9	38930	9.825	0.18
9	38950	9.83	0.18
9	38970	9.835	0.18
9	38990	9.84	0.18
9	39010	9.845	0.18
9	39030	9.85	0.18
9	39050	9.855	0.18
9	39070	9.86	0.18
9	39090	9.865	0.18
9	39110	9.87	0.18
9	39130	9.875	0.18
9	39150	9.88	0.18
9	39170	9.885	0.18
9	39190	9.89	0.18
9	39210	9.895	0.18
9	39230	9.9	0.18
9	39250	9.905	0.18
9	39270	9.91	0.18
9	39290	9.915	0.18
9	39310	9.92	0.18
9	39330	9.925	0.18
9	39350	9.93	0.18
9	39370	9.935	0.18
9	39390	9.94	0.18
9	39410	9.945	0.18
9	39430	9.95	0.18
9	39450	9.955	0.18
9	39470	9.96	0.18
9	39490	9.965	0.18
9	39510	9.97	0.18
9	39530	9.975	0.18
9	39550	9.98	0.18
9	39570	9.985	0.18
9	39590	9.99	0.18
9	39610	9.995	0.18
9	39632	10	0.18
9	39650	10.005	0.18
9	39668	10.01	0.18
9	39686	10.015	0.18
9	39704	10.02	0.18
9	39722	10.025	0.18
9	39738	10.03	0.18
9	39754	10.035	0.18
9	39770	10.04	0.18
9	39786	10.045	0.18
9	39802	10.05	0.18
9	39818	10.055	0.18
9	39832	10.06	0.18
9	39846	10.065	0.18
9	39860	10.07	0.18
9	39874	10.075	0.18
9	39888	10.08	0.18
9	39902	10.085	0.18
9	39914	10.09	0.18
9	39926	10.095	0.18
9	39938	10.1	0.18
9	39950	10.105	0.18
9	39962	10.11	0.18
9	39974	10.115	0.18
9	39984	10.12	0.18
9	39994	10.125	0.18
9	40004	10.13	0.18
9	40014	10.135	0.18
9	40024	10.14	0.18
9	40034	10.145	0.18
9	40040	10.15	0.18
9	40046	10.155	0.18
9	40052	10.16	0.18
9	40058	10.165	0.18
9	40064	10.17	0.18
9	40070	10.175	0.18

