version 2
run simpleNet-0-20181107-05:29:02-31340
attr configname simpleNet
attr datetime 20181107-05:29:02
attr experiment simpleNet
attr inifile omnetpp.ini
attr iterationvars ""
attr iterationvarsf ""
attr measurement ""
attr network simpleNet
attr processid 31340
attr repetition 0
attr replication #0
attr resultdir results
attr runnumber 0
attr seedset 0

vector 0 simpleNet.node[0] numInQueue:vector ETV
attr interpolationmode none
attr source numInQueue
attr title "total num in queue, vector"
vector 1 simpleNet.node[0] numProcessed:vector ETV
attr interpolationmode none
attr source numProcessed
attr title "num processed in statRate time, vector"
vector 2 simpleNet.node[1] numInQueue:vector ETV
attr interpolationmode none
attr source numInQueue
attr title "total num in queue, vector"
vector 3 simpleNet.node[1] numProcessed:vector ETV
attr interpolationmode none
attr source numProcessed
attr title "num processed in statRate time, vector"
vector 4 simpleNet.node[2] numInQueue:vector ETV
attr interpolationmode none
attr source numInQueue
attr title "total num in queue, vector"
vector 5 simpleNet.node[2] numProcessed:vector ETV
attr interpolationmode none
attr source numProcessed
attr title "num processed in statRate time, vector"
vector 6 simpleNet.node[3] numInQueue:vector ETV
attr interpolationmode none
attr source numInQueue
attr title "total num in queue, vector"
vector 7 simpleNet.node[3] numProcessed:vector ETV
attr interpolationmode none
attr source numProcessed
attr title "num processed in statRate time, vector"
vector 8 simpleNet.node[0] completionTime:vector ETV
attr interpolationmode none
attr source completionTime
attr title "completionTime, vector"
vector 9 simpleNet.node[3] completionTime:vector ETV
attr interpolationmode none
attr source completionTime
attr title "completionTime, vector"
0	2	0	0
0	1526	0.5	0
0	3180	1	0
0	4834	1.5	0
0	6488	2	0
0	8142	2.5	0
0	9796	3	0
0	11450	3.5	0
0	13104	4	0
0	14758	4.5	0
0	16412	5	0
0	18066	5.5	0
0	19720	6	0
0	21374	6.5	0
0	23028	7	0
0	24682	7.5	0
0	26336	8	0
0	27990	8.5	0
0	29644	9	0
0	31298	9.5	0
0	32950	10	0
0	33485	10.5	0
1	2	0	0
1	1526	0.5	129
1	3180	1	150
1	4834	1.5	150
1	6488	2	150
1	8142	2.5	150
1	9796	3	150
1	11450	3.5	150
1	13104	4	150
1	14758	4.5	150
1	16412	5	150
1	18066	5.5	150
1	19720	6	150
1	21374	6.5	150
1	23028	7	150
1	24682	7.5	150
1	26336	8	150
1	27990	8.5	150
1	29644	9	150
1	31298	9.5	150
1	32950	10	150
1	33485	10.5	71
2	3	0	0
2	1527	0.5	43
2	3181	1	118
2	4835	1.5	193
2	6489	2	268
2	8143	2.5	343
2	9797	3	418
2	11451	3.5	493
2	13105	4	568
2	14759	4.5	643
2	16413	5	718
2	18067	5.5	793
2	19721	6	868
2	21375	6.5	943
2	23029	7	1018
2	24683	7.5	1093
2	26337	8	1168
2	27991	8.5	1243
2	29645	9	1318
2	31299	9.5	1393
2	32951	10	1468
2	33486	10.5	1450
3	3	0	0
3	1527	0.5	256
3	3181	1	300
3	4835	1.5	300
3	6489	2	300
3	8143	2.5	300
3	9797	3	300
3	11451	3.5	300
3	13105	4	300
3	14759	4.5	300
3	16413	5	300
3	18067	5.5	300
3	19721	6	300
3	21375	6.5	300
3	23029	7	300
3	24683	7.5	300
3	26337	8	300
3	27991	8.5	300
3	29645	9	300
3	31299	9.5	300
3	32951	10	300
3	33486	10.5	144
4	4	0	0
4	1528	0.5	0
4	3182	1	0
4	4836	1.5	0
4	6490	2	0
4	8144	2.5	0
4	9798	3	0
4	11452	3.5	0
4	13106	4	0
4	14760	4.5	0
4	16414	5	0
4	18068	5.5	0
4	19722	6	0
4	21376	6.5	0
4	23030	7	0
4	24684	7.5	0
4	26338	8	0
4	27992	8.5	0
4	29646	9	0
4	31300	9.5	0
4	32952	10	0
4	33487	10.5	0
5	4	0	0
5	1528	0.5	258
5	3182	1	300
5	4836	1.5	300
5	6490	2	300
5	8144	2.5	300
5	9798	3	300
5	11452	3.5	300
5	13106	4	300
5	14760	4.5	300
5	16414	5	300
5	18068	5.5	300
5	19722	6	300
5	21376	6.5	300
5	23030	7	300
5	24684	7.5	300
5	26338	8	300
5	27992	8.5	300
5	29646	9	300
5	31300	9.5	300
5	32952	10	300
5	33487	10.5	142
6	6	0	0
6	1529	0.5	0
6	3183	1	0
6	4837	1.5	0
6	6491	2	0
6	8145	2.5	0
6	9799	3	0
6	11453	3.5	0
6	13107	4	0
6	14761	4.5	0
6	16415	5	0
6	18069	5.5	0
6	19723	6	0
6	21377	6.5	0
6	23031	7	0
6	24685	7.5	0
6	26339	8	0
6	27993	8.5	0
6	29647	9	0
6	31301	9.5	0
6	32953	10	0
6	33488	10.5	0
7	6	0	0
7	1529	0.5	128
7	3183	1	150
7	4837	1.5	150
7	6491	2	150
7	8145	2.5	150
7	9799	3	150
7	11453	3.5	150
7	13107	4	150
7	14761	4.5	150
7	16415	5	150
7	18069	5.5	150
7	19723	6	150
7	21377	6.5	150
7	23031	7	150
7	24685	7.5	150
7	26339	8	150
7	27993	8.5	150
7	29647	9	150
7	31301	9.5	150
7	32953	10	150
7	33488	10.5	72
8	315	0.18	0.18
8	330	0.183333333333	0.18
8	342	0.186666666667	0.18
8	357	0.19	0.18
8	369	0.193333333333	0.18
8	384	0.196666666667	0.18
8	396	0.2	0.18
8	411	0.203333333333	0.18
8	423	0.206666666667	0.18
8	438	0.21	0.18
8	452	0.213333333333	0.18
8	468	0.216666666667	0.18
8	482	0.22	0.18
8	498	0.223333333333	0.18
8	512	0.226666666667	0.18
8	528	0.23	0.18
8	542	0.233333333333	0.18
8	558	0.236666666667	0.18
8	572	0.24	0.18
8	587	0.243333333333	0.18
8	601	0.246666666667	0.18
8	616	0.25	0.18
8	630	0.253333333333	0.18
8	645	0.256666666667	0.18
8	659	0.26	0.18
8	674	0.263333333333	0.18
8	688	0.266666666667	0.18
8	703	0.27	0.18
8	716	0.273333333333	0.18
8	731	0.276666666667	0.18
8	744	0.28	0.18
8	759	0.283333333333	0.18
8	772	0.286666666667	0.18
8	787	0.29	0.18
8	800	0.293333333333	0.18
8	815	0.296666666667	0.18
8	828	0.3	0.18
8	842	0.303333333333	0.18
8	855	0.306666666667	0.18
8	869	0.31	0.18
8	882	0.313333333333	0.18
8	896	0.316666666667	0.18
8	909	0.32	0.18
8	923	0.323333333333	0.18
8	936	0.326666666667	0.18
8	950	0.33	0.18
8	961	0.333333333333	0.18
8	975	0.336666666667	0.18
8	986	0.34	0.18
8	1000	0.343333333333	0.18
8	1011	0.346666666667	0.18
8	1025	0.35	0.18
8	1036	0.353333333333	0.18
8	1050	0.356666666667	0.18
8	1061	0.36	0.18
8	1079	0.363333333333	0.18
8	1102	0.37	0.183333333333
8	1125	0.376666666667	0.186666666667
8	1148	0.383333333333	0.19
8	1171	0.39	0.193333333333
8	1193	0.396666666667	0.196666666667
8	1215	0.403333333333	0.2
8	1237	0.41	0.203333333333
8	1259	0.416666666667	0.206666666667
8	1281	0.423333333333	0.21
8	1303	0.43	0.213333333333
8	1325	0.436666666667	0.216666666667
8	1347	0.443333333333	0.22
8	1369	0.45	0.223333333333
8	1391	0.456666666667	0.226666666667
8	1413	0.463333333333	0.23
8	1435	0.47	0.233333333333
8	1457	0.476666666667	0.236666666667
8	1479	0.483333333333	0.24
8	1501	0.49	0.243333333333
8	1523	0.496666666667	0.246666666667
8	1549	0.503333333333	0.25
8	1571	0.51	0.253333333333
8	1593	0.516666666667	0.256666666667
8	1615	0.523333333333	0.26
8	1637	0.53	0.263333333333
8	1659	0.536666666667	0.266666666667
8	1681	0.543333333333	0.27
8	1703	0.55	0.273333333333
8	1725	0.556666666667	0.276666666667
8	1747	0.563333333333	0.28
8	1769	0.57	0.283333333333
8	1791	0.576666666667	0.286666666667
8	1813	0.583333333333	0.29
8	1835	0.59	0.293333333333
8	1857	0.596666666667	0.296666666667
8	1879	0.603333333333	0.3
8	1901	0.61	0.303333333333
8	1923	0.616666666667	0.306666666667
8	1945	0.623333333333	0.31
8	1967	0.63	0.313333333333
8	1989	0.636666666667	0.316666666667
8	2011	0.643333333333	0.32
8	2033	0.65	0.323333333333
8	2055	0.656666666667	0.326666666667
8	2077	0.663333333333	0.33
8	2099	0.67	0.333333333333
8	2121	0.676666666667	0.336666666667
8	2143	0.683333333333	0.34
8	2165	0.69	0.343333333333
8	2187	0.696666666667	0.346666666667
8	2209	0.703333333333	0.35
8	2231	0.71	0.353333333333
8	2253	0.716666666667	0.356666666667
8	2275	0.723333333333	0.36
8	2297	0.73	0.363333333333
8	2319	0.736666666667	0.366666666667
8	2341	0.743333333333	0.37
8	2363	0.75	0.373333333333
8	2385	0.756666666667	0.376666666667
8	2407	0.763333333333	0.38
8	2429	0.77	0.383333333333
8	2451	0.776666666667	0.386666666667
8	2473	0.783333333333	0.39
8	2495	0.79	0.393333333333
8	2517	0.796666666667	0.396666666667
8	2539	0.803333333333	0.4
8	2561	0.81	0.403333333333
8	2583	0.816666666667	0.406666666667
8	2605	0.823333333333	0.41
8	2627	0.83	0.413333333333
8	2649	0.836666666667	0.416666666667
8	2671	0.843333333333	0.42
8	2693	0.85	0.423333333333
8	2715	0.856666666667	0.426666666667
8	2737	0.863333333333	0.43
8	2759	0.87	0.433333333333
8	2781	0.876666666667	0.436666666667
8	2803	0.883333333333	0.44
8	2825	0.89	0.443333333333
8	2847	0.896666666667	0.446666666667
8	2869	0.903333333333	0.45
8	2891	0.91	0.453333333333
8	2913	0.916666666667	0.456666666667
8	2935	0.923333333333	0.46
8	2957	0.93	0.463333333333
8	2979	0.936666666667	0.466666666667
8	3001	0.943333333333	0.47
8	3023	0.95	0.473333333333
8	3045	0.956666666667	0.476666666667
8	3067	0.963333333333	0.48
8	3089	0.97	0.483333333333
8	3111	0.976666666667	0.486666666667
8	3133	0.983333333333	0.49
8	3155	0.99	0.493333333333
8	3177	0.996666666667	0.496666666667
8	3203	1.003333333333	0.5
8	3225	1.01	0.503333333333
8	3246	1.016666666667	0.506666666667
8	3269	1.023333333333	0.51
8	3291	1.03	0.513333333333
8	3310	1.036666666667	0.516666666667
8	3335	1.043333333333	0.52
8	3357	1.05	0.523333333333
8	3376	1.056666666667	0.526666666667
8	3401	1.063333333333	0.53
8	3423	1.07	0.533333333333
8	3442	1.076666666667	0.536666666667
8	3467	1.083333333333	0.54
8	3489	1.09	0.543333333333
8	3507	1.096666666667	0.546666666667
8	3533	1.103333333333	0.55
8	3555	1.11	0.553333333333
8	3573	1.116666666667	0.556666666667
8	3599	1.123333333333	0.56
8	3621	1.13	0.563333333333
8	3639	1.136666666667	0.566666666667
8	3665	1.143333333333	0.57
8	3687	1.15	0.573333333333
8	3703	1.156666666667	0.576666666667
8	3731	1.163333333333	0.58
8	3753	1.17	0.583333333333
8	3769	1.176666666667	0.586666666667
8	3797	1.183333333333	0.59
8	3819	1.19	0.593333333333
8	3835	1.196666666667	0.596666666667
8	3863	1.203333333333	0.6
8	3885	1.21	0.603333333333
8	3899	1.216666666667	0.606666666667
8	3929	1.223333333333	0.61
8	3951	1.23	0.613333333333
8	3965	1.236666666667	0.616666666667
8	3995	1.243333333333	0.62
8	4017	1.25	0.623333333333
8	4031	1.256666666667	0.626666666667
8	4061	1.263333333333	0.63
8	4083	1.27	0.633333333333
8	4096	1.276666666667	0.636666666667
8	4127	1.283333333333	0.64
8	4149	1.29	0.643333333333
8	4162	1.296666666667	0.646666666667
8	4193	1.303333333333	0.65
8	4215	1.31	0.653333333333
8	4228	1.316666666667	0.656666666667
8	4259	1.323333333333	0.66
8	4281	1.33	0.663333333333
8	4303	1.33666666667	0.66666666667
8	4325	1.34333333333	0.669999999997
8	4347	1.35	0.673333333333
8	4369	1.35666666667	0.67666666667
8	4391	1.36333333333	0.679999999997
8	4413	1.37	0.683333333333
8	4435	1.37666666667	0.68666666667
8	4457	1.38333333333	0.689999999997
8	4479	1.39	0.693333333333
8	4501	1.39666666667	0.69666666667
8	4523	1.40333333333	0.699999999997
8	4545	1.41	0.703333333333
8	4567	1.41666666667	0.70666666667
8	4589	1.42333333333	0.709999999997
8	4611	1.43	0.713333333333
8	4633	1.43666666667	0.71666666667
8	4655	1.44333333333	0.719999999997
8	4677	1.45	0.723333333333
8	4699	1.45666666667	0.72666666667
8	4721	1.46333333333	0.729999999997
8	4743	1.47	0.733333333333
8	4765	1.47666666667	0.73666666667
8	4787	1.48333333333	0.739999999997
8	4809	1.49	0.743333333333
8	4831	1.49666666667	0.74666666667
8	4857	1.50333333333	0.749999999997
8	4879	1.51	0.753333333333
8	4901	1.51666666667	0.75666666667
8	4923	1.52333333333	0.759999999997
8	4945	1.53	0.763333333333
8	4967	1.53666666667	0.76666666667
8	4989	1.54333333333	0.769999999997
8	5011	1.55	0.773333333333
8	5033	1.55666666667	0.77666666667
8	5055	1.56333333333	0.779999999997
8	5077	1.57	0.783333333333
8	5099	1.57666666667	0.78666666667
8	5121	1.58333333333	0.789999999997
8	5143	1.59	0.793333333333
8	5165	1.59666666667	0.79666666667
8	5187	1.60333333333	0.799999999997
8	5209	1.61	0.803333333333
8	5231	1.61666666667	0.80666666667
8	5253	1.62333333333	0.809999999997
8	5275	1.63	0.813333333333
8	5297	1.63666666667	0.81666666667
8	5319	1.64333333333	0.819999999997
8	5341	1.65	0.823333333333
8	5363	1.65666666667	0.82666666667
8	5385	1.66333333333	0.829999999997
8	5407	1.67	0.833333333333
8	5429	1.67666666667	0.83666666667
8	5451	1.68333333333	0.839999999997
8	5473	1.69	0.843333333333
8	5495	1.69666666667	0.84666666667
8	5517	1.70333333333	0.849999999997
8	5539	1.71	0.853333333333
8	5561	1.71666666667	0.85666666667
8	5583	1.72333333333	0.859999999997
8	5605	1.73	0.863333333333
8	5627	1.73666666667	0.86666666667
8	5649	1.74333333333	0.869999999997
8	5671	1.75	0.873333333333
8	5693	1.75666666667	0.87666666667
8	5715	1.76333333333	0.879999999997
8	5737	1.77	0.883333333333
8	5759	1.77666666667	0.88666666667
8	5781	1.78333333333	0.889999999997
8	5803	1.79	0.893333333333
8	5825	1.79666666667	0.89666666667
8	5847	1.80333333333	0.899999999997
8	5869	1.81	0.903333333333
8	5891	1.81666666667	0.90666666667
8	5913	1.82333333333	0.909999999997
8	5935	1.83	0.913333333333
8	5957	1.83666666667	0.91666666667
8	5979	1.84333333333	0.919999999997
8	6001	1.85	0.923333333333
8	6023	1.85666666667	0.92666666667
8	6045	1.86333333333	0.929999999997
8	6067	1.87	0.933333333333
8	6089	1.87666666667	0.93666666667
8	6111	1.88333333333	0.939999999997
8	6133	1.89	0.943333333333
8	6155	1.89666666667	0.94666666667
8	6177	1.90333333333	0.949999999997
8	6199	1.91	0.953333333333
8	6221	1.91666666667	0.95666666667
8	6243	1.92333333333	0.959999999997
8	6265	1.93	0.963333333333
8	6287	1.93666666667	0.96666666667
8	6309	1.94333333333	0.969999999997
8	6331	1.95	0.973333333333
8	6353	1.95666666667	0.97666666667
8	6375	1.96333333333	0.979999999997
8	6397	1.97	0.983333333333
8	6419	1.97666666667	0.98666666667
8	6441	1.98333333333	0.989999999997
8	6463	1.99	0.993333333333
8	6485	1.99666666667	0.99666666667
8	6511	2.00333333333	1
8	6533	2.01	1.00333333333
8	6555	2.01666666667	1.00666666667
8	6577	2.02333333333	1.01
8	6599	2.03	1.01333333333
8	6621	2.03666666667	1.01666666667
8	6643	2.04333333333	1.02
8	6665	2.05	1.02333333333
8	6687	2.05666666667	1.02666666667
8	6709	2.06333333333	1.03
8	6731	2.07	1.03333333333
8	6753	2.07666666667	1.03666666667
8	6775	2.08333333333	1.04
8	6797	2.09	1.04333333333
8	6819	2.09666666667	1.04666666667
8	6841	2.10333333333	1.05
8	6863	2.11	1.05333333333
8	6885	2.11666666667	1.05666666667
8	6907	2.12333333333	1.06
8	6929	2.13	1.06333333333
8	6951	2.13666666667	1.06666666667
8	6973	2.14333333333	1.07
8	6995	2.15	1.07333333333
8	7017	2.15666666667	1.07666666667
8	7039	2.16333333333	1.08
8	7061	2.17	1.08333333333
8	7083	2.17666666667	1.08666666667
8	7105	2.18333333333	1.09
8	7127	2.19	1.09333333333
8	7149	2.19666666667	1.09666666667
8	7171	2.20333333333	1.1
8	7193	2.21	1.10333333333
8	7215	2.21666666667	1.10666666667
8	7237	2.22333333333	1.11
8	7259	2.23	1.11333333333
8	7281	2.23666666667	1.11666666667
8	7303	2.24333333333	1.12
8	7325	2.25	1.12333333333
8	7347	2.25666666667	1.12666666667
8	7369	2.26333333333	1.13
8	7391	2.27	1.13333333333
8	7413	2.27666666667	1.13666666667
8	7435	2.28333333333	1.14
8	7457	2.29	1.14333333333
8	7479	2.29666666667	1.14666666667
8	7501	2.30333333333	1.15
8	7523	2.31	1.15333333333
8	7545	2.31666666667	1.15666666667
8	7567	2.32333333333	1.16
8	7589	2.33	1.16333333333
8	7611	2.33666666667	1.16666666667
8	7633	2.34333333333	1.17
8	7655	2.35	1.17333333333
8	7677	2.35666666667	1.17666666667
8	7699	2.36333333333	1.18
8	7721	2.37	1.18333333333
8	7743	2.37666666667	1.18666666667
8	7765	2.38333333333	1.19
8	7787	2.39	1.19333333333
8	7809	2.39666666667	1.19666666667
8	7831	2.40333333333	1.2
8	7853	2.41	1.20333333333
8	7875	2.41666666667	1.20666666667
8	7897	2.42333333333	1.21
8	7919	2.43	1.21333333333
8	7941	2.43666666667	1.21666666667
8	7963	2.44333333333	1.22
8	7985	2.45	1.22333333333
8	8007	2.45666666667	1.22666666667
8	8029	2.46333333333	1.23
8	8051	2.47	1.23333333333
8	8073	2.47666666667	1.23666666667
8	8095	2.48333333333	1.24
8	8117	2.49	1.24333333333
8	8139	2.49666666667	1.24666666667
8	8165	2.50333333333	1.25
8	8187	2.51	1.25333333333
8	8209	2.51666666667	1.25666666667
8	8231	2.52333333333	1.26
8	8253	2.53	1.26333333333
8	8275	2.53666666667	1.26666666667
8	8297	2.54333333333	1.27
8	8319	2.55	1.27333333333
8	8341	2.55666666667	1.27666666667
8	8363	2.56333333333	1.28
8	8385	2.57	1.28333333333
8	8407	2.57666666667	1.28666666667
8	8429	2.58333333333	1.29
8	8451	2.59	1.29333333333
8	8473	2.59666666667	1.29666666667
8	8495	2.60333333333	1.3
8	8517	2.61	1.30333333333
8	8539	2.61666666667	1.30666666667
8	8561	2.62333333333	1.31
8	8583	2.63	1.31333333333
8	8605	2.63666666667	1.31666666667
8	8627	2.64333333333	1.32
8	8649	2.65	1.32333333333
8	8671	2.65666666667	1.32666666667
8	8693	2.66333333333	1.33
8	8715	2.67	1.33333333333
8	8737	2.67666666667	1.33666666667
8	8759	2.68333333333	1.34
8	8781	2.69	1.34333333333
8	8803	2.69666666667	1.34666666667
8	8825	2.70333333333	1.35
8	8847	2.71	1.35333333333
8	8869	2.71666666667	1.35666666667
8	8891	2.72333333333	1.36
8	8913	2.73	1.36333333333
8	8935	2.73666666667	1.36666666667
8	8957	2.74333333333	1.37
8	8979	2.75	1.37333333333
8	9001	2.75666666667	1.37666666667
8	9023	2.76333333333	1.38
8	9045	2.77	1.38333333333
8	9067	2.77666666667	1.38666666667
8	9089	2.78333333333	1.39
8	9111	2.79	1.39333333333
8	9133	2.79666666667	1.39666666667
8	9155	2.80333333333	1.4
8	9177	2.81	1.40333333333
8	9199	2.81666666667	1.40666666667
8	9221	2.82333333333	1.41
8	9243	2.83	1.41333333333
8	9265	2.83666666667	1.41666666667
8	9287	2.84333333333	1.42
8	9309	2.85	1.42333333333
8	9331	2.85666666667	1.42666666667
8	9353	2.86333333333	1.43
8	9375	2.87	1.43333333333
8	9397	2.87666666667	1.43666666667
8	9419	2.88333333333	1.44
8	9441	2.89	1.44333333333
8	9463	2.89666666667	1.44666666667
8	9485	2.90333333333	1.45
8	9507	2.91	1.45333333333
8	9529	2.91666666667	1.45666666667
8	9551	2.92333333333	1.46
8	9573	2.93	1.46333333333
8	9595	2.93666666667	1.46666666667
8	9617	2.94333333333	1.47
8	9639	2.95	1.47333333333
8	9661	2.95666666667	1.47666666667
8	9683	2.96333333333	1.48
8	9705	2.97	1.48333333333
8	9727	2.97666666667	1.48666666667
8	9749	2.98333333333	1.49
8	9771	2.99	1.49333333333
8	9793	2.99666666667	1.49666666667
8	9819	3.00333333333	1.5
8	9841	3.01	1.50333333333
8	9863	3.01666666667	1.50666666667
8	9885	3.02333333333	1.51
8	9907	3.03	1.51333333333
8	9929	3.03666666667	1.51666666667
8	9951	3.04333333333	1.52
8	9973	3.05	1.52333333333
8	9995	3.05666666667	1.52666666667
8	10017	3.06333333333	1.53
8	10039	3.07	1.53333333333
8	10061	3.07666666667	1.53666666667
8	10083	3.08333333333	1.54
8	10105	3.09	1.54333333333
8	10127	3.09666666667	1.54666666667
8	10149	3.10333333333	1.55
8	10171	3.11	1.55333333333
8	10193	3.11666666667	1.55666666667
8	10215	3.12333333333	1.56
8	10237	3.13	1.56333333333
8	10259	3.13666666667	1.56666666667
8	10281	3.14333333333	1.57
8	10303	3.15	1.57333333333
8	10325	3.15666666667	1.57666666667
8	10347	3.16333333333	1.58
8	10369	3.17	1.58333333333
8	10391	3.17666666667	1.58666666667
8	10413	3.18333333333	1.59
8	10435	3.19	1.59333333333
8	10457	3.19666666667	1.59666666667
8	10479	3.20333333333	1.6
8	10501	3.21	1.60333333333
8	10523	3.21666666667	1.60666666667
8	10545	3.22333333333	1.61
8	10567	3.23	1.61333333333
8	10589	3.23666666667	1.61666666667
8	10611	3.24333333333	1.62
8	10633	3.25	1.62333333333
8	10655	3.25666666667	1.62666666667
8	10677	3.26333333333	1.63
8	10699	3.27	1.63333333333
8	10721	3.27666666667	1.63666666667
8	10743	3.28333333333	1.64
8	10765	3.29	1.64333333333
8	10787	3.29666666667	1.64666666667
8	10809	3.30333333333	1.65
8	10831	3.31	1.65333333333
8	10853	3.31666666667	1.65666666667
8	10875	3.32333333333	1.66
8	10897	3.33	1.66333333333
8	10919	3.33666666667	1.66666666667
8	10941	3.34333333333	1.67
8	10963	3.35	1.67333333333
8	10985	3.35666666667	1.67666666667
8	11007	3.36333333333	1.68
8	11029	3.37	1.68333333333
8	11051	3.37666666667	1.68666666667
8	11073	3.38333333333	1.69
8	11095	3.39	1.69333333333
8	11117	3.39666666667	1.69666666667
8	11139	3.40333333333	1.7
8	11161	3.41	1.70333333333
8	11183	3.41666666667	1.70666666667
8	11205	3.42333333333	1.71
8	11227	3.43	1.71333333333
8	11249	3.43666666667	1.71666666667
8	11271	3.44333333333	1.72
8	11293	3.45	1.72333333333
8	11315	3.45666666667	1.72666666667
8	11337	3.46333333333	1.73
8	11359	3.47	1.73333333333
8	11381	3.47666666667	1.73666666667
8	11403	3.48333333333	1.74
8	11425	3.49	1.74333333333
8	11447	3.49666666667	1.74666666667
8	11473	3.50333333333	1.75
8	11495	3.51	1.75333333333
8	11517	3.51666666667	1.75666666667
8	11539	3.52333333333	1.76
8	11561	3.53	1.76333333333
8	11583	3.53666666667	1.76666666667
8	11605	3.54333333333	1.77
8	11627	3.55	1.77333333333
8	11649	3.55666666667	1.77666666667
8	11671	3.56333333333	1.78
8	11693	3.57	1.78333333333
8	11715	3.57666666667	1.78666666667
8	11737	3.58333333333	1.79
8	11759	3.59	1.79333333333
8	11781	3.59666666667	1.79666666667
8	11803	3.60333333333	1.8
8	11825	3.61	1.80333333333
8	11847	3.61666666667	1.80666666667
8	11869	3.62333333333	1.81
8	11891	3.63	1.81333333333
8	11913	3.63666666667	1.81666666667
8	11935	3.64333333333	1.82
8	11957	3.65	1.82333333333
8	11979	3.65666666667	1.82666666667
8	12001	3.66333333333	1.83
8	12023	3.67	1.83333333333
8	12045	3.67666666667	1.83666666667
8	12067	3.68333333333	1.84
8	12089	3.69	1.84333333333
8	12111	3.69666666667	1.84666666667
8	12133	3.70333333333	1.85
8	12155	3.71	1.85333333333
8	12177	3.71666666667	1.85666666667
8	12199	3.72333333333	1.86
8	12221	3.73	1.86333333333
8	12243	3.73666666667	1.86666666667
8	12265	3.74333333333	1.87
8	12287	3.75	1.87333333333
8	12309	3.75666666667	1.87666666667
8	12331	3.76333333333	1.88
8	12353	3.77	1.88333333333
8	12375	3.77666666667	1.88666666667
8	12397	3.78333333333	1.89
8	12419	3.79	1.89333333333
8	12441	3.79666666667	1.89666666667
8	12463	3.80333333333	1.9
8	12485	3.81	1.90333333333
8	12507	3.81666666667	1.90666666667
8	12529	3.82333333333	1.91
8	12551	3.83	1.91333333333
8	12573	3.83666666667	1.91666666667
8	12595	3.84333333333	1.92
8	12617	3.85	1.92333333333
8	12639	3.85666666667	1.92666666667
8	12661	3.86333333333	1.93
8	12683	3.87	1.93333333333
8	12705	3.87666666667	1.93666666667
8	12727	3.88333333333	1.94
8	12749	3.89	1.94333333333
8	12771	3.89666666667	1.94666666667
8	12793	3.90333333333	1.95
8	12815	3.91	1.95333333333
8	12837	3.91666666667	1.95666666667
8	12859	3.92333333333	1.96
8	12881	3.93	1.96333333333
8	12903	3.93666666667	1.96666666667
8	12925	3.94333333333	1.97
8	12947	3.95	1.97333333333
8	12969	3.95666666667	1.97666666667
8	12991	3.96333333333	1.98
8	13013	3.97	1.98333333333
8	13035	3.97666666667	1.98666666667
8	13057	3.98333333333	1.99
8	13079	3.99	1.99333333333
8	13101	3.99666666667	1.99666666667
8	13127	4.00333333333	2
8	13149	4.01	2.00333333333
8	13171	4.01666666667	2.00666666667
8	13193	4.02333333333	2.01
8	13215	4.03	2.01333333333
8	13237	4.03666666667	2.01666666667
8	13259	4.04333333333	2.02
8	13281	4.05	2.02333333333
8	13303	4.05666666667	2.02666666667
8	13325	4.06333333333	2.03
8	13347	4.07	2.03333333333
8	13369	4.07666666667	2.03666666667
8	13391	4.08333333333	2.04
8	13413	4.09	2.04333333333
8	13435	4.09666666667	2.04666666667
8	13457	4.10333333333	2.05
8	13479	4.11	2.05333333333
8	13501	4.11666666667	2.05666666667
8	13523	4.12333333333	2.06
8	13545	4.13	2.06333333333
8	13567	4.13666666667	2.06666666667
8	13589	4.14333333333	2.07
8	13611	4.15	2.07333333333
8	13633	4.15666666667	2.07666666667
8	13655	4.16333333333	2.08
8	13677	4.17	2.08333333333
8	13699	4.17666666667	2.08666666667
8	13721	4.18333333333	2.09
8	13743	4.19	2.09333333333
8	13765	4.19666666667	2.09666666667
8	13787	4.20333333333	2.1
8	13809	4.21	2.10333333333
8	13831	4.21666666667	2.10666666667
8	13853	4.22333333333	2.11
8	13875	4.23	2.11333333333
8	13897	4.23666666667	2.11666666667
8	13919	4.24333333333	2.12
8	13941	4.25	2.12333333333
8	13963	4.25666666667	2.12666666667
8	13985	4.26333333333	2.13
8	14007	4.27	2.13333333333
8	14029	4.27666666667	2.13666666667
8	14051	4.28333333333	2.14
8	14073	4.29	2.14333333333
8	14095	4.29666666667	2.14666666667
8	14117	4.30333333333	2.15
8	14139	4.31	2.15333333333
8	14161	4.31666666667	2.15666666667
8	14183	4.32333333333	2.16
8	14205	4.33	2.16333333333
8	14227	4.33666666667	2.16666666667
8	14249	4.34333333333	2.17
8	14271	4.35	2.17333333333
8	14293	4.35666666667	2.17666666667
8	14315	4.36333333333	2.18
8	14337	4.37	2.18333333333
8	14359	4.37666666667	2.18666666667
8	14381	4.38333333333	2.19
8	14403	4.39	2.19333333333
8	14425	4.39666666667	2.19666666667
8	14447	4.40333333333	2.2
8	14469	4.41	2.20333333333
8	14491	4.41666666667	2.20666666667
8	14513	4.42333333333	2.21
8	14535	4.43	2.21333333333
8	14557	4.43666666667	2.21666666667
8	14579	4.44333333333	2.22
8	14601	4.45	2.22333333333
8	14623	4.45666666667	2.22666666667
8	14645	4.46333333333	2.23
8	14667	4.47	2.23333333333
8	14689	4.47666666667	2.23666666667
8	14711	4.48333333333	2.24
8	14733	4.49	2.24333333333
8	14755	4.49666666667	2.24666666667
8	14781	4.50333333333	2.25
8	14803	4.51	2.25333333333
8	14825	4.51666666667	2.25666666667
8	14847	4.52333333333	2.26
8	14869	4.53	2.26333333333
8	14891	4.53666666667	2.26666666667
8	14913	4.54333333333	2.27
8	14935	4.55	2.27333333333
8	14957	4.55666666667	2.27666666667
8	14979	4.56333333333	2.28
8	15001	4.57	2.28333333333
8	15023	4.57666666667	2.28666666667
8	15045	4.58333333333	2.29
8	15067	4.59	2.29333333333
8	15089	4.59666666667	2.29666666667
8	15111	4.60333333333	2.3
8	15133	4.61	2.30333333333
8	15155	4.61666666667	2.30666666667
8	15177	4.62333333333	2.31
8	15199	4.63	2.31333333333
8	15221	4.63666666667	2.31666666667
8	15243	4.64333333333	2.32
8	15265	4.65	2.32333333333
8	15287	4.65666666667	2.32666666667
8	15309	4.66333333333	2.33
8	15331	4.67	2.33333333333
8	15353	4.67666666667	2.33666666667
8	15375	4.68333333333	2.34
8	15397	4.69	2.34333333333
8	15419	4.69666666667	2.34666666667
8	15441	4.70333333333	2.35
8	15463	4.71	2.35333333333
8	15485	4.71666666667	2.35666666667
8	15507	4.72333333333	2.36
8	15529	4.73	2.36333333333
8	15551	4.73666666667	2.36666666667
8	15573	4.74333333333	2.37
8	15595	4.75	2.37333333333
8	15617	4.75666666667	2.37666666667
8	15639	4.76333333333	2.38
8	15661	4.77	2.38333333333
8	15683	4.77666666667	2.38666666667
8	15705	4.78333333333	2.39
8	15727	4.79	2.39333333333
8	15749	4.79666666667	2.39666666667
8	15771	4.80333333333	2.4
8	15793	4.81	2.40333333333
8	15815	4.81666666667	2.40666666667
8	15837	4.82333333333	2.41
8	15859	4.83	2.41333333333
8	15881	4.83666666667	2.41666666667
8	15903	4.84333333333	2.42
8	15925	4.85	2.42333333333
8	15947	4.85666666667	2.42666666667
8	15969	4.86333333333	2.43
8	15991	4.87	2.43333333333
8	16013	4.87666666667	2.43666666667
8	16035	4.88333333333	2.44
8	16057	4.89	2.44333333333
8	16079	4.89666666667	2.44666666667
8	16101	4.90333333333	2.45
8	16123	4.91	2.45333333333
8	16145	4.91666666667	2.45666666667
8	16167	4.92333333333	2.46
8	16189	4.93	2.46333333333
8	16211	4.93666666667	2.46666666667
8	16233	4.94333333333	2.47
8	16255	4.95	2.47333333333
8	16277	4.95666666667	2.47666666667
8	16299	4.96333333333	2.48
8	16321	4.97	2.48333333333
8	16343	4.97666666667	2.48666666667
8	16365	4.98333333333	2.49
8	16387	4.99	2.49333333333
8	16409	4.99666666667	2.49666666667
8	16435	5.00333333333	2.5
8	16457	5.01	2.50333333333
8	16479	5.01666666667	2.50666666667
8	16501	5.02333333333	2.51
8	16523	5.03	2.51333333333
8	16545	5.03666666667	2.51666666667
8	16567	5.04333333333	2.52
8	16589	5.05	2.52333333333
8	16611	5.05666666667	2.52666666667
8	16633	5.06333333333	2.53
8	16655	5.07	2.53333333333
8	16677	5.07666666667	2.53666666667
8	16699	5.08333333333	2.54
8	16721	5.09	2.54333333333
8	16743	5.09666666667	2.54666666667
8	16765	5.10333333333	2.55
8	16787	5.11	2.55333333333
8	16809	5.11666666667	2.55666666667
8	16831	5.12333333333	2.56
8	16853	5.13	2.56333333333
8	16875	5.13666666667	2.56666666667
8	16897	5.14333333333	2.57
8	16919	5.15	2.57333333333
8	16941	5.15666666667	2.57666666667
8	16963	5.16333333333	2.58
8	16985	5.17	2.58333333333
8	17007	5.17666666667	2.58666666667
8	17029	5.18333333333	2.59
8	17051	5.19	2.59333333333
8	17073	5.19666666667	2.59666666667
8	17095	5.20333333333	2.6
8	17117	5.21	2.60333333333
8	17139	5.21666666667	2.60666666667
8	17161	5.22333333333	2.61
8	17183	5.23	2.61333333333
8	17205	5.23666666667	2.61666666667
8	17227	5.24333333333	2.62
8	17249	5.25	2.62333333333
8	17271	5.25666666667	2.62666666667
8	17293	5.26333333333	2.63
8	17315	5.27	2.63333333333
8	17337	5.27666666667	2.63666666667
8	17359	5.28333333333	2.64
8	17381	5.29	2.64333333333
8	17403	5.29666666667	2.64666666667
8	17425	5.30333333333	2.65
8	17447	5.31	2.65333333333
8	17469	5.31666666667	2.65666666667
8	17491	5.32333333333	2.66
8	17513	5.33	2.66333333333
8	17535	5.33666666667	2.66666666667
8	17557	5.34333333333	2.67
8	17579	5.35	2.67333333333
8	17601	5.35666666667	2.67666666667
8	17623	5.36333333333	2.68
8	17645	5.37	2.68333333333
8	17667	5.37666666667	2.68666666667
8	17689	5.38333333333	2.69
8	17711	5.39	2.69333333333
8	17733	5.39666666667	2.69666666667
8	17755	5.40333333333	2.7
8	17777	5.41	2.70333333333
8	17799	5.41666666667	2.70666666667
8	17821	5.42333333333	2.71
8	17843	5.43	2.71333333333
8	17865	5.43666666667	2.71666666667
8	17887	5.44333333333	2.72
8	17909	5.45	2.72333333333
8	17931	5.45666666667	2.72666666667
8	17953	5.46333333333	2.73
8	17975	5.47	2.73333333333
8	17997	5.47666666667	2.73666666667
8	18019	5.48333333333	2.74
8	18041	5.49	2.74333333333
8	18063	5.49666666667	2.74666666667
8	18089	5.50333333333	2.75
8	18111	5.51	2.75333333333
8	18133	5.51666666667	2.75666666667
8	18155	5.52333333333	2.76
8	18177	5.53	2.76333333333
8	18199	5.53666666667	2.76666666667
8	18221	5.54333333333	2.77
8	18243	5.55	2.77333333333
8	18265	5.55666666667	2.77666666667
8	18287	5.56333333333	2.78
8	18309	5.57	2.78333333333
8	18331	5.57666666667	2.78666666667
8	18353	5.58333333333	2.79
8	18375	5.59	2.79333333333
8	18397	5.59666666667	2.79666666667
8	18419	5.60333333333	2.8
8	18441	5.61	2.80333333333
8	18463	5.61666666667	2.80666666667
8	18485	5.62333333333	2.81
8	18507	5.63	2.81333333333
8	18529	5.63666666667	2.81666666667
8	18551	5.64333333333	2.82
8	18573	5.65	2.82333333333
8	18595	5.65666666667	2.82666666667
8	18617	5.66333333333	2.83
8	18639	5.67	2.83333333333
8	18661	5.67666666667	2.83666666667
8	18683	5.68333333333	2.84
8	18705	5.69	2.84333333333
8	18727	5.69666666667	2.84666666667
8	18749	5.70333333333	2.85
8	18771	5.71	2.85333333333
8	18793	5.71666666667	2.85666666667
8	18815	5.72333333333	2.86
8	18837	5.73	2.86333333333
8	18859	5.73666666667	2.86666666667
8	18881	5.74333333333	2.87
8	18903	5.75	2.87333333333
8	18925	5.75666666667	2.87666666667
8	18947	5.76333333333	2.88
8	18969	5.77	2.88333333333
8	18991	5.77666666667	2.88666666667
8	19013	5.78333333333	2.89
8	19035	5.79	2.89333333333
8	19057	5.79666666667	2.89666666667
8	19079	5.80333333333	2.9
8	19101	5.81	2.90333333333
8	19123	5.81666666667	2.90666666667
8	19145	5.82333333333	2.91
8	19167	5.83	2.91333333333
8	19189	5.83666666667	2.91666666667
8	19211	5.84333333333	2.92
8	19233	5.85	2.92333333333
8	19255	5.85666666667	2.92666666667
8	19277	5.86333333333	2.93
8	19299	5.87	2.93333333333
8	19321	5.87666666667	2.93666666667
8	19343	5.88333333333	2.94
8	19365	5.89	2.94333333333
8	19387	5.89666666667	2.94666666667
8	19409	5.90333333333	2.95
8	19431	5.91	2.95333333333
8	19453	5.91666666667	2.95666666667
8	19475	5.92333333333	2.96
8	19497	5.93	2.96333333333
8	19519	5.93666666667	2.96666666667
8	19541	5.94333333333	2.97
8	19563	5.95	2.97333333333
8	19585	5.95666666667	2.97666666667
8	19607	5.96333333333	2.98
8	19629	5.97	2.98333333333
8	19651	5.97666666667	2.98666666667
8	19673	5.98333333333	2.99
8	19695	5.99	2.99333333333
8	19717	5.99666666667	2.99666666667
8	19743	6.00333333333	3
8	19765	6.01	3.00333333333
8	19787	6.01666666667	3.00666666667
8	19809	6.02333333333	3.01
8	19831	6.03	3.01333333333
8	19853	6.03666666667	3.01666666667
8	19875	6.04333333333	3.02
8	19897	6.05	3.02333333333
8	19919	6.05666666667	3.02666666667
8	19941	6.06333333333	3.03
8	19963	6.07	3.03333333333
8	19985	6.07666666667	3.03666666667
8	20007	6.08333333333	3.04
8	20029	6.09	3.04333333333
8	20051	6.09666666667	3.04666666667
8	20073	6.10333333333	3.05
8	20095	6.11	3.05333333333
8	20117	6.11666666667	3.05666666667
8	20139	6.12333333333	3.06
8	20161	6.13	3.06333333333
8	20183	6.13666666667	3.06666666667
8	20205	6.14333333333	3.07
8	20227	6.15	3.07333333333
8	20249	6.15666666667	3.07666666667
8	20271	6.16333333333	3.08
8	20293	6.17	3.08333333333
8	20315	6.17666666667	3.08666666667
8	20337	6.18333333333	3.09
8	20359	6.19	3.09333333333
8	20381	6.19666666667	3.09666666667
8	20403	6.20333333333	3.1
8	20425	6.21	3.10333333333
8	20447	6.21666666667	3.10666666667
8	20469	6.22333333333	3.11
8	20491	6.23	3.11333333333
8	20513	6.23666666667	3.11666666667
8	20535	6.24333333333	3.12
8	20557	6.25	3.12333333333
8	20579	6.25666666667	3.12666666667
8	20601	6.26333333333	3.13
8	20623	6.27	3.13333333333
8	20645	6.27666666667	3.13666666667
8	20667	6.28333333333	3.14
8	20689	6.29	3.14333333333
8	20711	6.29666666667	3.14666666667
8	20733	6.30333333333	3.15
8	20755	6.31	3.15333333333
8	20777	6.31666666667	3.15666666667
8	20799	6.32333333333	3.16
8	20821	6.33	3.16333333333
8	20843	6.33666666667	3.16666666667
8	20865	6.34333333333	3.17
8	20887	6.35	3.17333333333
8	20909	6.35666666667	3.17666666667
8	20931	6.36333333333	3.18
8	20953	6.37	3.18333333333
8	20975	6.37666666667	3.18666666667
8	20997	6.38333333333	3.19
8	21019	6.39	3.19333333333
8	21041	6.39666666667	3.19666666667
8	21063	6.40333333333	3.2
8	21085	6.41	3.20333333333
8	21107	6.41666666667	3.20666666667
8	21129	6.42333333333	3.21
8	21151	6.43	3.21333333333
8	21173	6.43666666667	3.21666666667
8	21195	6.44333333333	3.22
8	21217	6.45	3.22333333333
8	21239	6.45666666667	3.22666666667
8	21261	6.46333333333	3.23
8	21283	6.47	3.23333333333
8	21305	6.47666666667	3.23666666667
8	21327	6.48333333333	3.24
8	21349	6.49	3.24333333333
8	21371	6.49666666667	3.24666666667
8	21397	6.50333333333	3.25
8	21419	6.51	3.25333333333
8	21441	6.51666666667	3.25666666667
8	21463	6.52333333333	3.26
8	21485	6.53	3.26333333333
8	21507	6.53666666667	3.26666666667
8	21529	6.54333333333	3.27
8	21551	6.55	3.27333333333
8	21573	6.55666666667	3.27666666667
8	21595	6.56333333333	3.28
8	21617	6.57	3.28333333333
8	21639	6.57666666667	3.28666666667
8	21661	6.58333333333	3.29
8	21683	6.59	3.29333333333
8	21705	6.59666666667	3.29666666667
8	21727	6.60333333333	3.3
8	21749	6.61	3.30333333333
8	21771	6.61666666667	3.30666666667
8	21793	6.62333333333	3.31
8	21815	6.63	3.31333333333
8	21837	6.63666666667	3.31666666667
8	21859	6.64333333333	3.32
8	21881	6.65	3.32333333333
8	21903	6.65666666667	3.32666666667
8	21925	6.66333333333	3.33
8	21947	6.67	3.33333333333
8	21969	6.67666666667	3.33666666667
8	21991	6.68333333333	3.34
8	22013	6.69	3.34333333333
8	22035	6.69666666667	3.34666666667
8	22057	6.70333333333	3.35
8	22079	6.71	3.35333333333
8	22101	6.71666666667	3.35666666667
8	22123	6.72333333333	3.36
8	22145	6.73	3.36333333333
8	22167	6.73666666667	3.36666666667
8	22189	6.74333333333	3.37
8	22211	6.75	3.37333333333
8	22233	6.75666666667	3.37666666667
8	22255	6.76333333333	3.38
8	22277	6.77	3.38333333333
8	22299	6.77666666667	3.38666666667
8	22321	6.78333333333	3.39
8	22343	6.79	3.39333333333
8	22365	6.79666666667	3.39666666667
8	22387	6.80333333333	3.4
8	22409	6.81	3.40333333333
8	22431	6.81666666667	3.40666666667
8	22453	6.82333333333	3.41
8	22475	6.83	3.41333333333
8	22497	6.83666666667	3.41666666667
8	22519	6.84333333333	3.42
8	22541	6.85	3.42333333333
8	22563	6.85666666667	3.42666666667
8	22585	6.86333333333	3.43
8	22607	6.87	3.43333333333
8	22629	6.87666666667	3.43666666667
8	22651	6.88333333333	3.44
8	22673	6.89	3.44333333333
8	22695	6.89666666667	3.44666666667
8	22717	6.90333333333	3.45
8	22739	6.91	3.45333333333
8	22761	6.91666666667	3.45666666667
8	22783	6.92333333333	3.46
8	22805	6.93	3.46333333333
8	22827	6.93666666667	3.46666666667
8	22849	6.94333333333	3.47
8	22871	6.95	3.47333333333
8	22893	6.95666666667	3.47666666667
8	22915	6.96333333333	3.48
8	22937	6.97	3.48333333333
8	22959	6.97666666667	3.48666666667
8	22981	6.98333333333	3.49
8	23003	6.99	3.49333333333
8	23025	6.99666666667	3.49666666667
8	23051	7.00333333333	3.5
8	23073	7.01	3.50333333333
8	23095	7.01666666667	3.50666666667
8	23117	7.02333333333	3.51
8	23139	7.03	3.51333333333
8	23161	7.03666666667	3.51666666667
8	23183	7.04333333333	3.52
8	23205	7.05	3.52333333333
8	23227	7.05666666667	3.52666666667
8	23249	7.06333333333	3.53
8	23271	7.07	3.53333333333
8	23293	7.07666666667	3.53666666667
8	23315	7.08333333333	3.54
8	23337	7.09	3.54333333333
8	23359	7.09666666667	3.54666666667
8	23381	7.10333333333	3.55
8	23403	7.11	3.55333333333
8	23425	7.11666666667	3.55666666667
8	23447	7.12333333333	3.56
8	23469	7.13	3.56333333333
8	23491	7.13666666667	3.56666666667
8	23513	7.14333333333	3.57
8	23535	7.15	3.57333333333
8	23557	7.15666666667	3.57666666667
8	23579	7.16333333333	3.58
8	23601	7.17	3.58333333333
8	23623	7.17666666667	3.58666666667
8	23645	7.18333333333	3.59
8	23667	7.19	3.59333333333
8	23689	7.19666666667	3.59666666667
8	23711	7.20333333333	3.6
8	23733	7.21	3.60333333333
8	23755	7.21666666667	3.60666666667
8	23777	7.22333333333	3.61
8	23799	7.23	3.61333333333
8	23821	7.23666666667	3.61666666667
8	23843	7.24333333333	3.62
8	23865	7.25	3.62333333333
8	23887	7.25666666667	3.62666666667
8	23909	7.26333333333	3.63
8	23931	7.27	3.63333333333
8	23953	7.27666666667	3.63666666667
8	23975	7.28333333333	3.64
8	23997	7.29	3.64333333333
8	24019	7.29666666667	3.64666666667
8	24041	7.30333333333	3.65
8	24063	7.31	3.65333333333
8	24085	7.31666666667	3.65666666667
8	24107	7.32333333333	3.66
8	24129	7.33	3.66333333333
8	24151	7.33666666667	3.66666666667
8	24173	7.34333333333	3.67
8	24195	7.35	3.67333333333
8	24217	7.35666666667	3.67666666667
8	24239	7.36333333333	3.68
8	24261	7.37	3.68333333333
8	24283	7.37666666667	3.68666666667
8	24305	7.38333333333	3.69
8	24327	7.39	3.69333333333
8	24349	7.39666666667	3.69666666667
8	24371	7.40333333333	3.7
8	24393	7.41	3.70333333333
8	24415	7.41666666667	3.70666666667
8	24437	7.42333333333	3.71
8	24459	7.43	3.71333333333
8	24481	7.43666666667	3.71666666667
8	24503	7.44333333333	3.72
8	24525	7.45	3.72333333333
8	24547	7.45666666667	3.72666666667
8	24569	7.46333333333	3.73
8	24591	7.47	3.73333333333
8	24613	7.47666666667	3.73666666667
8	24635	7.48333333333	3.74
8	24657	7.49	3.74333333333
8	24679	7.49666666667	3.74666666667
8	24705	7.50333333333	3.75
8	24727	7.51	3.75333333333
8	24749	7.51666666667	3.75666666667
8	24771	7.52333333333	3.76
8	24793	7.53	3.76333333333
8	24815	7.53666666667	3.76666666667
8	24837	7.54333333333	3.77
8	24859	7.55	3.77333333333
8	24881	7.55666666667	3.77666666667
8	24903	7.56333333333	3.78
8	24925	7.57	3.78333333333
8	24947	7.57666666667	3.78666666667
8	24969	7.58333333333	3.79
8	24991	7.59	3.79333333333
8	25013	7.59666666667	3.79666666667
8	25035	7.60333333333	3.8
8	25057	7.61	3.80333333333
8	25079	7.61666666667	3.80666666667
8	25101	7.62333333333	3.81
8	25123	7.63	3.81333333333
8	25145	7.63666666667	3.81666666667
8	25167	7.64333333333	3.82
8	25189	7.65	3.82333333333
8	25211	7.65666666667	3.82666666667
8	25233	7.66333333333	3.83
8	25255	7.67	3.83333333333
8	25277	7.67666666667	3.83666666667
8	25299	7.68333333333	3.84
8	25321	7.69	3.84333333333
8	25343	7.69666666667	3.84666666667
8	25365	7.70333333333	3.85
8	25387	7.71	3.85333333333
8	25409	7.71666666667	3.85666666667
8	25431	7.72333333333	3.86
8	25453	7.73	3.86333333333
8	25475	7.73666666667	3.86666666667
8	25497	7.74333333333	3.87
8	25519	7.75	3.87333333333
8	25541	7.75666666667	3.87666666667
8	25563	7.76333333333	3.88
8	25585	7.77	3.88333333333
8	25607	7.77666666667	3.88666666667
8	25629	7.78333333333	3.89
8	25651	7.79	3.89333333333
8	25673	7.79666666667	3.89666666667
8	25695	7.80333333333	3.9
8	25717	7.81	3.90333333333
8	25739	7.81666666667	3.90666666667
8	25761	7.82333333333	3.91
8	25783	7.83	3.91333333333
8	25805	7.83666666667	3.91666666667
8	25827	7.84333333333	3.92
8	25849	7.85	3.92333333333
8	25871	7.85666666667	3.92666666667
8	25893	7.86333333333	3.93
8	25915	7.87	3.93333333333
8	25937	7.87666666667	3.93666666667
8	25959	7.88333333333	3.94
8	25981	7.89	3.94333333333
8	26003	7.89666666667	3.94666666667
8	26025	7.90333333333	3.95
8	26047	7.91	3.95333333333
8	26069	7.91666666667	3.95666666667
8	26091	7.92333333333	3.96
8	26113	7.93	3.96333333333
8	26135	7.93666666667	3.96666666667
8	26157	7.94333333333	3.97
8	26179	7.95	3.97333333333
8	26201	7.95666666667	3.97666666667
8	26223	7.96333333333	3.98
8	26245	7.97	3.98333333333
8	26267	7.97666666667	3.98666666667
8	26289	7.98333333333	3.99
8	26311	7.99	3.99333333333
8	26333	7.99666666667	3.99666666667
8	26359	8.00333333333	4
8	26381	8.01	4.00333333333
8	26403	8.01666666667	4.00666666667
8	26425	8.02333333333	4.01
8	26447	8.03	4.01333333333
8	26469	8.03666666667	4.01666666667
8	26491	8.04333333333	4.02
8	26513	8.05	4.02333333333
8	26535	8.05666666667	4.02666666667
8	26557	8.06333333333	4.03
8	26579	8.07	4.03333333333
8	26601	8.07666666667	4.03666666667
8	26623	8.08333333333	4.04
8	26645	8.09	4.04333333333
8	26667	8.09666666667	4.04666666667
8	26689	8.10333333333	4.05
8	26711	8.11	4.05333333333
8	26733	8.11666666667	4.05666666667
8	26755	8.12333333333	4.06
8	26777	8.13	4.06333333333
8	26799	8.13666666667	4.06666666667
8	26821	8.14333333333	4.07
8	26843	8.15	4.07333333333
8	26865	8.15666666667	4.07666666667
8	26887	8.16333333333	4.08
8	26909	8.17	4.08333333333
8	26931	8.17666666667	4.08666666667
8	26953	8.18333333333	4.09
8	26975	8.19	4.09333333333
8	26997	8.19666666667	4.09666666667
8	27019	8.20333333333	4.1
8	27041	8.21	4.10333333333
8	27063	8.21666666667	4.10666666667
8	27085	8.22333333333	4.11
8	27107	8.23	4.11333333333
8	27129	8.23666666667	4.11666666667
8	27151	8.24333333333	4.12
8	27173	8.25	4.12333333333
8	27195	8.25666666667	4.12666666667
8	27217	8.26333333333	4.13
8	27239	8.27	4.13333333333
8	27261	8.27666666667	4.13666666667
8	27283	8.28333333333	4.14
8	27305	8.29	4.14333333333
8	27327	8.29666666667	4.14666666667
8	27349	8.30333333333	4.15
8	27371	8.31	4.15333333333
8	27393	8.31666666667	4.15666666667
8	27415	8.32333333333	4.16
8	27437	8.33	4.16333333333
8	27459	8.33666666667	4.16666666667
8	27481	8.34333333333	4.17
8	27503	8.35	4.17333333333
8	27525	8.35666666667	4.17666666667
8	27547	8.36333333333	4.18
8	27569	8.37	4.18333333333
8	27591	8.37666666667	4.18666666667
8	27613	8.38333333333	4.19
8	27635	8.39	4.19333333333
8	27657	8.39666666667	4.19666666667
8	27679	8.40333333333	4.2
8	27701	8.41	4.20333333333
8	27723	8.41666666667	4.20666666667
8	27745	8.42333333333	4.21
8	27767	8.43	4.21333333333
8	27789	8.43666666667	4.21666666667
8	27811	8.44333333333	4.22
8	27833	8.45	4.22333333333
8	27855	8.45666666667	4.22666666667
8	27877	8.46333333333	4.23
8	27899	8.47	4.23333333333
8	27921	8.47666666667	4.23666666667
8	27943	8.48333333333	4.24
8	27965	8.49	4.24333333333
8	27987	8.49666666667	4.24666666667
8	28013	8.50333333333	4.25
8	28035	8.51	4.25333333333
8	28057	8.51666666667	4.25666666667
8	28079	8.52333333333	4.26
8	28101	8.53	4.26333333333
8	28123	8.53666666667	4.26666666667
8	28145	8.54333333333	4.27
8	28167	8.55	4.27333333333
8	28189	8.55666666667	4.27666666667
8	28211	8.56333333333	4.28
8	28233	8.57	4.28333333333
8	28255	8.57666666667	4.28666666667
8	28277	8.58333333333	4.29
8	28299	8.59	4.29333333333
8	28321	8.59666666667	4.29666666667
8	28343	8.60333333333	4.3
8	28365	8.61	4.30333333333
8	28387	8.61666666667	4.30666666667
8	28409	8.62333333333	4.31
8	28431	8.63	4.31333333333
8	28453	8.63666666667	4.31666666667
8	28475	8.64333333333	4.32
8	28497	8.65	4.32333333333
8	28519	8.65666666667	4.32666666667
8	28541	8.66333333333	4.33
8	28563	8.67	4.33333333333
8	28585	8.67666666667	4.33666666667
8	28607	8.68333333333	4.34
8	28629	8.69	4.34333333333
8	28651	8.69666666667	4.34666666667
8	28673	8.70333333333	4.35
8	28695	8.71	4.35333333333
8	28717	8.71666666667	4.35666666667
8	28739	8.72333333333	4.36
8	28761	8.73	4.36333333333
8	28783	8.73666666667	4.36666666667
8	28805	8.74333333333	4.37
8	28827	8.75	4.37333333333
8	28849	8.75666666667	4.37666666667
8	28871	8.76333333333	4.38
8	28893	8.77	4.38333333333
8	28915	8.77666666667	4.38666666667
8	28937	8.78333333333	4.39
8	28959	8.79	4.39333333333
8	28981	8.79666666667	4.39666666667
8	29003	8.80333333333	4.4
8	29025	8.81	4.40333333333
8	29047	8.81666666667	4.40666666667
8	29069	8.82333333333	4.41
8	29091	8.83	4.41333333333
8	29113	8.83666666667	4.41666666667
8	29135	8.84333333333	4.42
8	29157	8.85	4.42333333333
8	29179	8.85666666667	4.42666666667
8	29201	8.86333333333	4.43
8	29223	8.87	4.43333333333
8	29245	8.87666666667	4.43666666667
8	29267	8.88333333333	4.44
8	29289	8.89	4.44333333333
8	29311	8.89666666667	4.44666666667
8	29333	8.90333333333	4.45
8	29355	8.91	4.45333333333
8	29377	8.91666666667	4.45666666667
8	29399	8.92333333333	4.46
8	29421	8.93	4.46333333333
8	29443	8.93666666667	4.46666666667
8	29465	8.94333333333	4.47
8	29487	8.95	4.47333333333
8	29509	8.95666666667	4.47666666667
8	29531	8.96333333333	4.48
8	29553	8.97	4.48333333333
8	29575	8.97666666667	4.48666666667
8	29597	8.98333333333	4.49
8	29619	8.99	4.49333333333
8	29641	8.99666666667	4.49666666667
8	29667	9.00333333333	4.5
8	29689	9.01	4.50333333333
8	29711	9.01666666667	4.50666666667
8	29733	9.02333333333	4.51
8	29755	9.03	4.51333333333
8	29777	9.03666666667	4.51666666667
8	29799	9.04333333333	4.52
8	29821	9.05	4.52333333333
8	29843	9.05666666667	4.52666666667
8	29865	9.06333333333	4.53
8	29887	9.07	4.53333333333
8	29909	9.07666666667	4.53666666667
8	29931	9.08333333333	4.54
8	29953	9.09	4.54333333333
8	29975	9.09666666667	4.54666666667
8	29997	9.10333333333	4.55
8	30019	9.11	4.55333333333
8	30041	9.11666666667	4.55666666667
8	30063	9.12333333333	4.56
8	30085	9.13	4.56333333333
8	30107	9.13666666667	4.56666666667
8	30129	9.14333333333	4.57
8	30151	9.15	4.57333333333
8	30173	9.15666666667	4.57666666667
8	30195	9.16333333333	4.58
8	30217	9.17	4.58333333333
8	30239	9.17666666667	4.58666666667
8	30261	9.18333333333	4.59
8	30283	9.19	4.59333333333
8	30305	9.19666666667	4.59666666667
8	30327	9.20333333333	4.6
8	30349	9.21	4.60333333333
8	30371	9.21666666667	4.60666666667
8	30393	9.22333333333	4.61
8	30415	9.23	4.61333333333
8	30437	9.23666666667	4.61666666667
8	30459	9.24333333333	4.62
8	30481	9.25	4.62333333333
8	30503	9.25666666667	4.62666666667
8	30525	9.26333333333	4.63
8	30547	9.27	4.63333333333
8	30569	9.27666666667	4.63666666667
8	30591	9.28333333333	4.64
8	30613	9.29	4.64333333333
8	30635	9.29666666667	4.64666666667
8	30657	9.30333333333	4.65
8	30679	9.31	4.65333333333
8	30701	9.31666666667	4.65666666667
8	30723	9.32333333333	4.66
8	30745	9.33	4.66333333333
8	30767	9.33666666667	4.66666666667
8	30789	9.34333333333	4.67
8	30811	9.35	4.67333333333
8	30833	9.35666666667	4.67666666667
8	30855	9.36333333333	4.68
8	30877	9.37	4.68333333333
8	30899	9.37666666667	4.68666666667
8	30921	9.38333333333	4.69
8	30943	9.39	4.69333333333
8	30965	9.39666666667	4.69666666667
8	30987	9.40333333333	4.7
8	31009	9.41	4.70333333333
8	31031	9.41666666667	4.70666666667
8	31053	9.42333333333	4.71
8	31075	9.43	4.71333333333
8	31097	9.43666666667	4.71666666667
8	31119	9.44333333333	4.72
8	31141	9.45	4.72333333333
8	31163	9.45666666667	4.72666666667
8	31185	9.46333333333	4.73
8	31207	9.47	4.73333333333
8	31229	9.47666666667	4.73666666667
8	31251	9.48333333333	4.74
8	31273	9.49	4.74333333333
8	31295	9.49666666667	4.74666666667
8	31321	9.50333333333	4.75
8	31343	9.51	4.75333333333
8	31365	9.51666666667	4.75666666667
8	31387	9.52333333333	4.76
8	31409	9.53	4.76333333333
8	31431	9.53666666667	4.76666666667
8	31453	9.54333333333	4.77
8	31475	9.55	4.77333333333
8	31497	9.55666666667	4.77666666667
8	31519	9.56333333333	4.78
8	31541	9.57	4.78333333333
8	31563	9.57666666667	4.78666666667
8	31585	9.58333333333	4.79
8	31607	9.59	4.79333333333
8	31629	9.59666666667	4.79666666667
8	31651	9.60333333333	4.8
8	31673	9.61	4.80333333333
8	31695	9.61666666667	4.80666666667
8	31717	9.62333333333	4.81
8	31739	9.63	4.81333333333
8	31761	9.63666666667	4.81666666667
8	31783	9.64333333333	4.82
8	31805	9.65	4.82333333333
8	31827	9.65666666667	4.82666666667
8	31849	9.66333333333	4.83
8	31871	9.67	4.83333333333
8	31893	9.67666666667	4.83666666667
8	31915	9.68333333333	4.84
8	31937	9.69	4.84333333333
8	31959	9.69666666667	4.84666666667
8	31981	9.70333333333	4.85
8	32003	9.71	4.85333333333
8	32025	9.71666666667	4.85666666667
8	32047	9.72333333333	4.86
8	32069	9.73	4.86333333333
8	32091	9.73666666667	4.86666666667
8	32113	9.74333333333	4.87
8	32135	9.75	4.87333333333
8	32157	9.75666666667	4.87666666667
8	32179	9.76333333333	4.88
8	32201	9.77	4.88333333333
8	32223	9.77666666667	4.88666666667
8	32245	9.78333333333	4.89
8	32267	9.79	4.89333333333
8	32289	9.79666666667	4.89666666667
8	32311	9.80333333333	4.9
8	32333	9.81	4.90333333333
8	32355	9.81666666667	4.90666666667
8	32377	9.82333333333	4.91
8	32399	9.83	4.91333333333
8	32421	9.83666666667	4.91666666667
8	32443	9.84333333333	4.92
8	32465	9.85	4.92333333333
8	32487	9.85666666667	4.92666666667
8	32509	9.86333333333	4.93
8	32531	9.87	4.93333333333
8	32553	9.87666666667	4.93666666667
8	32575	9.88333333333	4.94
8	32597	9.89	4.94333333333
8	32619	9.89666666667	4.94666666667
8	32641	9.90333333333	4.95
8	32663	9.91	4.95333333333
8	32685	9.91666666667	4.95666666667
8	32707	9.92333333333	4.96
8	32729	9.93	4.96333333333
8	32751	9.93666666667	4.96666666667
8	32773	9.94333333333	4.97
8	32795	9.95	4.97333333333
8	32817	9.95666666667	4.97666666667
8	32839	9.96333333333	4.98
8	32861	9.97	4.98333333333
8	32883	9.97666666667	4.98666666667
8	32905	9.98333333333	4.99
8	32927	9.99	4.99333333333
8	32949	9.99666666667	4.99666666667
8	32972	10.00333333333	5
8	32991	10.01	5.00333333333
8	33010	10.01666666667	5.00666666667
8	33029	10.02333333333	5.01
8	33046	10.03	5.01333333333
8	33062	10.03666666667	5.01666666667
8	33078	10.04333333333	5.02
8	33094	10.05	5.02333333333
8	33110	10.05666666667	5.02666666667
8	33125	10.06333333333	5.03
8	33140	10.07	5.03333333333
8	33155	10.07666666667	5.03666666667
8	33170	10.08333333333	5.04
8	33184	10.09	5.04333333333
8	33198	10.09666666667	5.04666666667
8	33212	10.10333333333	5.05
8	33226	10.11	5.05333333333
8	33240	10.11666666667	5.05666666667
8	33253	10.12333333333	5.06
8	33266	10.13	5.06333333333
8	33279	10.13666666667	5.06666666667
8	33292	10.14333333333	5.07
8	33303	10.15	5.07333333333
8	33314	10.15666666667	5.07666666667
8	33325	10.16333333333	5.08
8	33336	10.17	5.08333333333
8	33347	10.17666666667	5.08666666667
8	33356	10.18333333333	5.09
8	33365	10.19	5.09333333333
8	33374	10.19666666667	5.09666666667
8	33383	10.20333333333	5.1
8	33390	10.21	5.10333333333
8	33397	10.21666666667	5.10666666667
8	33404	10.22333333333	5.11
8	33411	10.23	5.11333333333
8	33418	10.23666666667	5.11666666667
8	33424	10.24333333333	5.12
8	33430	10.25	5.12333333333
8	33436	10.25666666667	5.12666666667
8	33442	10.26333333333	5.13
8	33447	10.27	5.13333333333
8	33452	10.27666666667	5.13666666667
8	33457	10.28333333333	5.14
8	33462	10.29	5.14333333333
8	33467	10.29666666667	5.14666666667
8	33470	10.30333333333	5.15
8	33473	10.31	5.15333333333
8	33476	10.31666666667	5.15666666667
8	33479	10.32333333333	5.16
9	317	0.18	0.18
9	344	0.186666666667	0.18
9	371	0.193333333333	0.18
9	398	0.2	0.18
9	425	0.206666666667	0.18
9	454	0.213333333333	0.18
9	484	0.22	0.18
9	514	0.226666666667	0.18
9	544	0.233333333333	0.18
9	574	0.24	0.18
9	603	0.246666666667	0.18
9	632	0.253333333333	0.18
9	661	0.26	0.18
9	690	0.266666666667	0.18
9	718	0.273333333333	0.18
9	746	0.28	0.18
9	774	0.286666666667	0.18
9	802	0.293333333333	0.18
9	830	0.3	0.18
9	857	0.306666666667	0.18
9	884	0.313333333333	0.18
9	911	0.32	0.18
9	938	0.326666666667	0.18
9	963	0.333333333333	0.18
9	988	0.34	0.18
9	1013	0.346666666667	0.18
9	1038	0.353333333333	0.18
9	1063	0.36	0.18
9	1086	0.366666666667	0.18
9	1109	0.373333333333	0.18
9	1132	0.38	0.18
9	1155	0.386666666667	0.18
9	1178	0.393333333333	0.18
9	1200	0.4	0.18
9	1222	0.406666666667	0.18
9	1244	0.413333333333	0.18
9	1266	0.42	0.18
9	1288	0.426666666667	0.18
9	1310	0.433333333333	0.18
9	1332	0.44	0.18
9	1354	0.446666666667	0.18
9	1376	0.453333333333	0.18
9	1398	0.46	0.18
9	1420	0.466666666667	0.18
9	1442	0.473333333333	0.18
9	1464	0.48	0.18
9	1486	0.486666666667	0.18
9	1508	0.493333333333	0.18
9	1534	0.5	0.18
9	1556	0.506666666667	0.18
9	1578	0.513333333333	0.18
9	1600	0.52	0.18
9	1622	0.526666666667	0.18
9	1644	0.533333333333	0.18
9	1666	0.54	0.18
9	1688	0.546666666667	0.18
9	1710	0.553333333333	0.18
9	1732	0.56	0.18
9	1754	0.566666666667	0.18
9	1776	0.573333333333	0.18
9	1798	0.58	0.18
9	1820	0.586666666667	0.18
9	1842	0.593333333333	0.18
9	1864	0.6	0.18
9	1886	0.606666666667	0.18
9	1908	0.613333333333	0.18
9	1930	0.62	0.18
9	1952	0.626666666667	0.18
9	1974	0.633333333333	0.18
9	1996	0.64	0.18
9	2018	0.646666666667	0.18
9	2040	0.653333333333	0.18
9	2062	0.66	0.18
9	2084	0.666666666667	0.18
9	2106	0.673333333333	0.18
9	2128	0.68	0.18
9	2150	0.686666666667	0.18
9	2172	0.693333333333	0.18
9	2194	0.7	0.18
9	2216	0.706666666667	0.18
9	2238	0.713333333333	0.18
9	2260	0.72	0.18
9	2282	0.726666666667	0.18
9	2304	0.733333333333	0.18
9	2326	0.74	0.18
9	2348	0.746666666667	0.18
9	2370	0.753333333333	0.18
9	2392	0.76	0.18
9	2414	0.766666666667	0.18
9	2436	0.773333333333	0.18
9	2458	0.78	0.18
9	2480	0.786666666667	0.18
9	2502	0.793333333333	0.18
9	2524	0.8	0.18
9	2546	0.806666666667	0.18
9	2568	0.813333333333	0.18
9	2590	0.82	0.18
9	2612	0.826666666667	0.18
9	2634	0.833333333333	0.18
9	2656	0.84	0.18
9	2678	0.846666666667	0.18
9	2700	0.853333333333	0.18
9	2722	0.86	0.18
9	2744	0.866666666667	0.18
9	2766	0.873333333333	0.18
9	2788	0.88	0.18
9	2810	0.886666666667	0.18
9	2832	0.893333333333	0.18
9	2854	0.9	0.18
9	2876	0.906666666667	0.18
9	2898	0.913333333333	0.18
9	2920	0.92	0.18
9	2942	0.926666666667	0.18
9	2964	0.933333333333	0.18
9	2986	0.94	0.18
9	3008	0.946666666667	0.18
9	3030	0.953333333333	0.18
9	3052	0.96	0.18
9	3074	0.966666666667	0.18
9	3096	0.973333333333	0.18
9	3118	0.98	0.18
9	3140	0.986666666667	0.18
9	3162	0.993333333333	0.18
9	3188	1	0.18
9	3208	1.006666666667	0.18
9	3232	1.013333333333	0.18
9	3254	1.02	0.18
9	3274	1.026666666667	0.18
9	3298	1.033333333333	0.18
9	3320	1.04	0.18
9	3339	1.046666666667	0.18
9	3364	1.053333333333	0.18
9	3386	1.06	0.18
9	3404	1.066666666667	0.18
9	3430	1.073333333333	0.18
9	3452	1.08	0.18
9	3470	1.086666666667	0.18
9	3496	1.093333333333	0.18
9	3518	1.1	0.18
9	3536	1.106666666667	0.18
9	3562	1.113333333333	0.18
9	3584	1.12	0.18
9	3601	1.126666666667	0.18
9	3628	1.133333333333	0.18
9	3650	1.14	0.18
9	3667	1.146666666667	0.18
9	3694	1.153333333333	0.18
9	3716	1.16	0.18
9	3733	1.166666666667	0.18
9	3760	1.173333333333	0.18
9	3782	1.18	0.18
9	3808	1.18666666667	0.18
9	3826	1.19333333333	0.18
9	3848	1.2	0.18
9	3874	1.20666666667	0.18
9	3892	1.21333333333	0.18
9	3914	1.22	0.18
9	3940	1.22666666667	0.18
9	3958	1.23333333333	0.18
9	3980	1.24	0.18
9	4005	1.24666666667	0.18
9	4024	1.25333333333	0.18
9	4046	1.26	0.18
9	4071	1.26666666667	0.18
9	4090	1.27333333333	0.18
9	4112	1.28	0.18
9	4137	1.28666666667	0.18
9	4156	1.29333333333	0.18
9	4178	1.3	0.18
9	4201	1.30666666667	0.18
9	4222	1.31333333333	0.18
9	4244	1.32	0.18
9	4267	1.32666666667	0.18
9	4288	1.33333333333	0.18
9	4310	1.34	0.18
9	4333	1.34666666667	0.18
9	4354	1.35333333333	0.18
9	4376	1.36	0.18
9	4398	1.36666666667	0.18
9	4420	1.37333333333	0.18
9	4442	1.38	0.18
9	4464	1.38666666667	0.18
9	4486	1.39333333333	0.18
9	4508	1.4	0.18
9	4530	1.40666666667	0.18
9	4552	1.41333333333	0.18
9	4574	1.42	0.18
9	4596	1.42666666667	0.18
9	4618	1.43333333333	0.18
9	4640	1.44	0.18
9	4662	1.44666666667	0.18
9	4684	1.45333333333	0.18
9	4706	1.46	0.18
9	4728	1.46666666667	0.18
9	4750	1.47333333333	0.18
9	4772	1.48	0.18
9	4794	1.48666666667	0.18
9	4816	1.49333333333	0.18
9	4842	1.5	0.18
9	4864	1.50666666667	0.18
9	4886	1.51333333333	0.18
9	4908	1.52	0.18
9	4930	1.52666666667	0.18
9	4952	1.53333333333	0.18
9	4974	1.54	0.18
9	4996	1.54666666667	0.18
9	5018	1.55333333333	0.18
9	5040	1.56	0.18
9	5062	1.56666666667	0.18
9	5084	1.57333333333	0.18
9	5106	1.58	0.18
9	5128	1.58666666667	0.18
9	5150	1.59333333333	0.18
9	5172	1.6	0.18
9	5194	1.60666666667	0.18
9	5216	1.61333333333	0.18
9	5238	1.62	0.18
9	5260	1.62666666667	0.18
9	5282	1.63333333333	0.18
9	5304	1.64	0.18
9	5326	1.64666666667	0.18
9	5348	1.65333333333	0.18
9	5370	1.66	0.18
9	5392	1.66666666667	0.18
9	5414	1.67333333333	0.18
9	5436	1.68	0.18
9	5458	1.68666666667	0.18
9	5480	1.69333333333	0.18
9	5502	1.7	0.18
9	5524	1.70666666667	0.18
9	5546	1.71333333333	0.18
9	5568	1.72	0.18
9	5590	1.72666666667	0.18
9	5612	1.73333333333	0.18
9	5634	1.74	0.18
9	5656	1.74666666667	0.18
9	5678	1.75333333333	0.18
9	5700	1.76	0.18
9	5722	1.76666666667	0.18
9	5744	1.77333333333	0.18
9	5766	1.78	0.18
9	5788	1.78666666667	0.18
9	5810	1.79333333333	0.18
9	5832	1.8	0.18
9	5854	1.80666666667	0.18
9	5876	1.81333333333	0.18
9	5898	1.82	0.18
9	5920	1.82666666667	0.18
9	5942	1.83333333333	0.18
9	5964	1.84	0.18
9	5986	1.84666666667	0.18
9	6008	1.85333333333	0.18
9	6030	1.86	0.18
9	6052	1.86666666667	0.18
9	6074	1.87333333333	0.18
9	6096	1.88	0.18
9	6118	1.88666666667	0.18
9	6140	1.89333333333	0.18
9	6162	1.9	0.18
9	6184	1.90666666667	0.18
9	6206	1.91333333333	0.18
9	6228	1.92	0.18
9	6250	1.92666666667	0.18
9	6272	1.93333333333	0.18
9	6294	1.94	0.18
9	6316	1.94666666667	0.18
9	6338	1.95333333333	0.18
9	6360	1.96	0.18
9	6382	1.96666666667	0.18
9	6404	1.97333333333	0.18
9	6426	1.98	0.18
9	6448	1.98666666667	0.18
9	6470	1.99333333333	0.18
9	6496	2	0.18
9	6518	2.00666666667	0.18
9	6540	2.01333333333	0.18
9	6562	2.02	0.18
9	6584	2.02666666667	0.18
9	6606	2.03333333333	0.18
9	6628	2.04	0.18
9	6650	2.04666666667	0.18
9	6672	2.05333333333	0.18
9	6694	2.06	0.18
9	6716	2.06666666667	0.18
9	6738	2.07333333333	0.18
9	6760	2.08	0.18
9	6782	2.08666666667	0.18
9	6804	2.09333333333	0.18
9	6826	2.1	0.18
9	6848	2.10666666667	0.18
9	6870	2.11333333333	0.18
9	6892	2.12	0.18
9	6914	2.12666666667	0.18
9	6936	2.13333333333	0.18
9	6958	2.14	0.18
9	6980	2.14666666667	0.18
9	7002	2.15333333333	0.18
9	7024	2.16	0.18
9	7046	2.16666666667	0.18
9	7068	2.17333333333	0.18
9	7090	2.18	0.18
9	7112	2.18666666667	0.18
9	7134	2.19333333333	0.18
9	7156	2.2	0.18
9	7178	2.20666666667	0.18
9	7200	2.21333333333	0.18
9	7222	2.22	0.18
9	7244	2.22666666667	0.18
9	7266	2.23333333333	0.18
9	7288	2.24	0.18
9	7310	2.24666666667	0.18
9	7332	2.25333333333	0.18
9	7354	2.26	0.18
9	7376	2.26666666667	0.18
9	7398	2.27333333333	0.18
9	7420	2.28	0.18
9	7442	2.28666666667	0.18
9	7464	2.29333333333	0.18
9	7486	2.3	0.18
9	7508	2.30666666667	0.18
9	7530	2.31333333333	0.18
9	7552	2.32	0.18
9	7574	2.32666666667	0.18
9	7596	2.33333333333	0.18
9	7618	2.34	0.18
9	7640	2.34666666667	0.18
9	7662	2.35333333333	0.18
9	7684	2.36	0.18
9	7706	2.36666666667	0.18
9	7728	2.37333333333	0.18
9	7750	2.38	0.18
9	7772	2.38666666667	0.18
9	7794	2.39333333333	0.18
9	7816	2.4	0.18
9	7838	2.40666666667	0.18
9	7860	2.41333333333	0.18
9	7882	2.42	0.18
9	7904	2.42666666667	0.18
9	7926	2.43333333333	0.18
9	7948	2.44	0.18
9	7970	2.44666666667	0.18
9	7992	2.45333333333	0.18
9	8014	2.46	0.18
9	8036	2.46666666667	0.18
9	8058	2.47333333333	0.18
9	8080	2.48	0.18
9	8102	2.48666666667	0.18
9	8124	2.49333333333	0.18
9	8150	2.5	0.18
9	8172	2.50666666667	0.18
9	8194	2.51333333333	0.18
9	8216	2.52	0.18
9	8238	2.52666666667	0.18
9	8260	2.53333333333	0.18
9	8282	2.54	0.18
9	8304	2.54666666667	0.18
9	8326	2.55333333333	0.18
9	8348	2.56	0.18
9	8370	2.56666666667	0.18
9	8392	2.57333333333	0.18
9	8414	2.58	0.18
9	8436	2.58666666667	0.18
9	8458	2.59333333333	0.18
9	8480	2.6	0.18
9	8502	2.60666666667	0.18
9	8524	2.61333333333	0.18
9	8546	2.62	0.18
9	8568	2.62666666667	0.18
9	8590	2.63333333333	0.18
9	8612	2.64	0.18
9	8634	2.64666666667	0.18
9	8656	2.65333333333	0.18
9	8678	2.66	0.18
9	8700	2.66666666667	0.18
9	8722	2.67333333333	0.18
9	8744	2.68	0.18
9	8766	2.68666666667	0.18
9	8788	2.69333333333	0.18
9	8810	2.7	0.18
9	8832	2.70666666667	0.18
9	8854	2.71333333333	0.18
9	8876	2.72	0.18
9	8898	2.72666666667	0.18
9	8920	2.73333333333	0.18
9	8942	2.74	0.18
9	8964	2.74666666667	0.18
9	8986	2.75333333333	0.18
9	9008	2.76	0.18
9	9030	2.76666666667	0.18
9	9052	2.77333333333	0.18
9	9074	2.78	0.18
9	9096	2.78666666667	0.18
9	9118	2.79333333333	0.18
9	9140	2.8	0.18
9	9162	2.80666666667	0.18
9	9184	2.81333333333	0.18
9	9206	2.82	0.18
9	9228	2.82666666667	0.18
9	9250	2.83333333333	0.18
9	9272	2.84	0.18
9	9294	2.84666666667	0.18
9	9316	2.85333333333	0.18
9	9338	2.86	0.18
9	9360	2.86666666667	0.18
9	9382	2.87333333333	0.18
9	9404	2.88	0.18
9	9426	2.88666666667	0.18
9	9448	2.89333333333	0.18
9	9470	2.9	0.18
9	9492	2.90666666667	0.18
9	9514	2.91333333333	0.18
9	9536	2.92	0.18
9	9558	2.92666666667	0.18
9	9580	2.93333333333	0.18
9	9602	2.94	0.18
9	9624	2.94666666667	0.18
9	9646	2.95333333333	0.18
9	9668	2.96	0.18
9	9690	2.96666666667	0.18
9	9712	2.97333333333	0.18
9	9734	2.98	0.18
9	9756	2.98666666667	0.18
9	9778	2.99333333333	0.18
9	9804	3	0.18
9	9826	3.00666666667	0.18
9	9848	3.01333333333	0.18
9	9870	3.02	0.18
9	9892	3.02666666667	0.18
9	9914	3.03333333333	0.18
9	9936	3.04	0.18
9	9958	3.04666666667	0.18
9	9980	3.05333333333	0.18
9	10002	3.06	0.18
9	10024	3.06666666667	0.18
9	10046	3.07333333333	0.18
9	10068	3.08	0.18
9	10090	3.08666666667	0.18
9	10112	3.09333333333	0.18
9	10134	3.1	0.18
9	10156	3.10666666667	0.18
9	10178	3.11333333333	0.18
9	10200	3.12	0.18
9	10222	3.12666666667	0.18
9	10244	3.13333333333	0.18
9	10266	3.14	0.18
9	10288	3.14666666667	0.18
9	10310	3.15333333333	0.18
9	10332	3.16	0.18
9	10354	3.16666666667	0.18
9	10376	3.17333333333	0.18
9	10398	3.18	0.18
9	10420	3.18666666667	0.18
9	10442	3.19333333333	0.18
9	10464	3.2	0.18
9	10486	3.20666666667	0.18
9	10508	3.21333333333	0.18
9	10530	3.22	0.18
9	10552	3.22666666667	0.18
9	10574	3.23333333333	0.18
9	10596	3.24	0.18
9	10618	3.24666666667	0.18
9	10640	3.25333333333	0.18
9	10662	3.26	0.18
9	10684	3.26666666667	0.18
9	10706	3.27333333333	0.18
9	10728	3.28	0.18
9	10750	3.28666666667	0.18
9	10772	3.29333333333	0.18
9	10794	3.3	0.18
9	10816	3.30666666667	0.18
9	10838	3.31333333333	0.18
9	10860	3.32	0.18
9	10882	3.32666666667	0.18
9	10904	3.33333333333	0.18
9	10926	3.34	0.18
9	10948	3.34666666667	0.18
9	10970	3.35333333333	0.18
9	10992	3.36	0.18
9	11014	3.36666666667	0.18
9	11036	3.37333333333	0.18
9	11058	3.38	0.18
9	11080	3.38666666667	0.18
9	11102	3.39333333333	0.18
9	11124	3.4	0.18
9	11146	3.40666666667	0.18
9	11168	3.41333333333	0.18
9	11190	3.42	0.18
9	11212	3.42666666667	0.18
9	11234	3.43333333333	0.18
9	11256	3.44	0.18
9	11278	3.44666666667	0.18
9	11300	3.45333333333	0.18
9	11322	3.46	0.18
9	11344	3.46666666667	0.18
9	11366	3.47333333333	0.18
9	11388	3.48	0.18
9	11410	3.48666666667	0.18
9	11432	3.49333333333	0.18
9	11458	3.5	0.18
9	11480	3.50666666667	0.18
9	11502	3.51333333333	0.18
9	11524	3.52	0.18
9	11546	3.52666666667	0.18
9	11568	3.53333333333	0.18
9	11590	3.54	0.18
9	11612	3.54666666667	0.18
9	11634	3.55333333333	0.18
9	11656	3.56	0.18
9	11678	3.56666666667	0.18
9	11700	3.57333333333	0.18
9	11722	3.58	0.18
9	11744	3.58666666667	0.18
9	11766	3.59333333333	0.18
9	11788	3.6	0.18
9	11810	3.60666666667	0.18
9	11832	3.61333333333	0.18
9	11854	3.62	0.18
9	11876	3.62666666667	0.18
9	11898	3.63333333333	0.18
9	11920	3.64	0.18
9	11942	3.64666666667	0.18
9	11964	3.65333333333	0.18
9	11986	3.66	0.18
9	12008	3.66666666667	0.18
9	12030	3.67333333333	0.18
9	12052	3.68	0.18
9	12074	3.68666666667	0.18
9	12096	3.69333333333	0.18
9	12118	3.7	0.18
9	12140	3.70666666667	0.18
9	12162	3.71333333333	0.18
9	12184	3.72	0.18
9	12206	3.72666666667	0.18
9	12228	3.73333333333	0.18
9	12250	3.74	0.18
9	12272	3.74666666667	0.18
9	12294	3.75333333333	0.18
9	12316	3.76	0.18
9	12338	3.76666666667	0.18
9	12360	3.77333333333	0.18
9	12382	3.78	0.18
9	12404	3.78666666667	0.18
9	12426	3.79333333333	0.18
9	12448	3.8	0.18
9	12470	3.80666666667	0.18
9	12492	3.81333333333	0.18
9	12514	3.82	0.18
9	12536	3.82666666667	0.18
9	12558	3.83333333333	0.18
9	12580	3.84	0.18
9	12602	3.84666666667	0.18
9	12624	3.85333333333	0.18
9	12646	3.86	0.18
9	12668	3.86666666667	0.18
9	12690	3.87333333333	0.18
9	12712	3.88	0.18
9	12734	3.88666666667	0.18
9	12756	3.89333333333	0.18
9	12778	3.9	0.18
9	12800	3.90666666667	0.18
9	12822	3.91333333333	0.18
9	12844	3.92	0.18
9	12866	3.92666666667	0.18
9	12888	3.93333333333	0.18
9	12910	3.94	0.18
9	12932	3.94666666667	0.18
9	12954	3.95333333333	0.18
9	12976	3.96	0.18
9	12998	3.96666666667	0.18
9	13020	3.97333333333	0.18
9	13042	3.98	0.18
9	13064	3.98666666667	0.18
9	13086	3.99333333333	0.18
9	13112	4	0.18
9	13134	4.00666666667	0.18
9	13156	4.01333333333	0.18
9	13178	4.02	0.18
9	13200	4.02666666667	0.18
9	13222	4.03333333333	0.18
9	13244	4.04	0.18
9	13266	4.04666666667	0.18
9	13288	4.05333333333	0.18
9	13310	4.06	0.18
9	13332	4.06666666667	0.18
9	13354	4.07333333333	0.18
9	13376	4.08	0.18
9	13398	4.08666666667	0.18
9	13420	4.09333333333	0.18
9	13442	4.1	0.18
9	13464	4.10666666667	0.18
9	13486	4.11333333333	0.18
9	13508	4.12	0.18
9	13530	4.12666666667	0.18
9	13552	4.13333333333	0.18
9	13574	4.14	0.18
9	13596	4.14666666667	0.18
9	13618	4.15333333333	0.18
9	13640	4.16	0.18
9	13662	4.16666666667	0.18
9	13684	4.17333333333	0.18
9	13706	4.18	0.18
9	13728	4.18666666667	0.18
9	13750	4.19333333333	0.18
9	13772	4.2	0.18
9	13794	4.20666666667	0.18
9	13816	4.21333333333	0.18
9	13838	4.22	0.18
9	13860	4.22666666667	0.18
9	13882	4.23333333333	0.18
9	13904	4.24	0.18
9	13926	4.24666666667	0.18
9	13948	4.25333333333	0.18
9	13970	4.26	0.18
9	13992	4.26666666667	0.18
9	14014	4.27333333333	0.18
9	14036	4.28	0.18
9	14058	4.28666666667	0.18
9	14080	4.29333333333	0.18
9	14102	4.3	0.18
9	14124	4.30666666667	0.18
9	14146	4.31333333333	0.18
9	14168	4.32	0.18
9	14190	4.32666666667	0.18
9	14212	4.33333333333	0.18
9	14234	4.34	0.18
9	14256	4.34666666667	0.18
9	14278	4.35333333333	0.18
9	14300	4.36	0.18
9	14322	4.36666666667	0.18
9	14344	4.37333333333	0.18
9	14366	4.38	0.18
9	14388	4.38666666667	0.18
9	14410	4.39333333333	0.18
9	14432	4.4	0.18
9	14454	4.40666666667	0.18
9	14476	4.41333333333	0.18
9	14498	4.42	0.18
9	14520	4.42666666667	0.18
9	14542	4.43333333333	0.18
9	14564	4.44	0.18
9	14586	4.44666666667	0.18
9	14608	4.45333333333	0.18
9	14630	4.46	0.18
9	14652	4.46666666667	0.18
9	14674	4.47333333333	0.18
9	14696	4.48	0.18
9	14718	4.48666666667	0.18
9	14740	4.49333333333	0.18
9	14766	4.5	0.18
9	14788	4.50666666667	0.18
9	14810	4.51333333333	0.18
9	14832	4.52	0.18
9	14854	4.52666666667	0.18
9	14876	4.53333333333	0.18
9	14898	4.54	0.18
9	14920	4.54666666667	0.18
9	14942	4.55333333333	0.18
9	14964	4.56	0.18
9	14986	4.56666666667	0.18
9	15008	4.57333333333	0.18
9	15030	4.58	0.18
9	15052	4.58666666667	0.18
9	15074	4.59333333333	0.18
9	15096	4.6	0.18
9	15118	4.60666666667	0.18
9	15140	4.61333333333	0.18
9	15162	4.62	0.18
9	15184	4.62666666667	0.18
9	15206	4.63333333333	0.18
9	15228	4.64	0.18
9	15250	4.64666666667	0.18
9	15272	4.65333333333	0.18
9	15294	4.66	0.18
9	15316	4.66666666667	0.18
9	15338	4.67333333333	0.18
9	15360	4.68	0.18
9	15382	4.68666666667	0.18
9	15404	4.69333333333	0.18
9	15426	4.7	0.18
9	15448	4.70666666667	0.18
9	15470	4.71333333333	0.18
9	15492	4.72	0.18
9	15514	4.72666666667	0.18
9	15536	4.73333333333	0.18
9	15558	4.74	0.18
9	15580	4.74666666667	0.18
9	15602	4.75333333333	0.18
9	15624	4.76	0.18
9	15646	4.76666666667	0.18
9	15668	4.77333333333	0.18
9	15690	4.78	0.18
9	15712	4.78666666667	0.18
9	15734	4.79333333333	0.18
9	15756	4.8	0.18
9	15778	4.80666666667	0.18
9	15800	4.81333333333	0.18
9	15822	4.82	0.18
9	15844	4.82666666667	0.18
9	15866	4.83333333333	0.18
9	15888	4.84	0.18
9	15910	4.84666666667	0.18
9	15932	4.85333333333	0.18
9	15954	4.86	0.18
9	15976	4.86666666667	0.18
9	15998	4.87333333333	0.18
9	16020	4.88	0.18
9	16042	4.88666666667	0.18
9	16064	4.89333333333	0.18
9	16086	4.9	0.18
9	16108	4.90666666667	0.18
9	16130	4.91333333333	0.18
9	16152	4.92	0.18
9	16174	4.92666666667	0.18
9	16196	4.93333333333	0.18
9	16218	4.94	0.18
9	16240	4.94666666667	0.18
9	16262	4.95333333333	0.18
9	16284	4.96	0.18
9	16306	4.96666666667	0.18
9	16328	4.97333333333	0.18
9	16350	4.98	0.18
9	16372	4.98666666667	0.18
9	16394	4.99333333333	0.18
9	16420	5	0.18
9	16442	5.00666666667	0.18
9	16464	5.01333333333	0.18
9	16486	5.02	0.18
9	16508	5.02666666667	0.18
9	16530	5.03333333333	0.18
9	16552	5.04	0.18
9	16574	5.04666666667	0.18
9	16596	5.05333333333	0.18
9	16618	5.06	0.18
9	16640	5.06666666667	0.18
9	16662	5.07333333333	0.18
9	16684	5.08	0.18
9	16706	5.08666666667	0.18
9	16728	5.09333333333	0.18
9	16750	5.1	0.18
9	16772	5.10666666667	0.18
9	16794	5.11333333333	0.18
9	16816	5.12	0.18
9	16838	5.12666666667	0.18
9	16860	5.13333333333	0.18
9	16882	5.14	0.18
9	16904	5.14666666667	0.18
9	16926	5.15333333333	0.18
9	16948	5.16	0.18
9	16970	5.16666666667	0.18
9	16992	5.17333333333	0.18
9	17014	5.18	0.18
9	17036	5.18666666667	0.18
9	17058	5.19333333333	0.18
9	17080	5.2	0.18
9	17102	5.20666666667	0.18
9	17124	5.21333333333	0.18
9	17146	5.22	0.18
9	17168	5.22666666667	0.18
9	17190	5.23333333333	0.18
9	17212	5.24	0.18
9	17234	5.24666666667	0.18
9	17256	5.25333333333	0.18
9	17278	5.26	0.18
9	17300	5.26666666667	0.18
9	17322	5.27333333333	0.18
9	17344	5.28	0.18
9	17366	5.28666666667	0.18
9	17388	5.29333333333	0.18
9	17410	5.3	0.18
9	17432	5.30666666667	0.18
9	17454	5.31333333333	0.18
9	17476	5.32	0.18
9	17498	5.32666666667	0.18
9	17520	5.33333333333	0.18
9	17542	5.34	0.18
9	17564	5.34666666667	0.18
9	17586	5.35333333333	0.18
9	17608	5.36	0.18
9	17630	5.36666666667	0.18
9	17652	5.37333333333	0.18
9	17674	5.38	0.18
9	17696	5.38666666667	0.18
9	17718	5.39333333333	0.18
9	17740	5.4	0.18
9	17762	5.40666666667	0.18
9	17784	5.41333333333	0.18
9	17806	5.42	0.18
9	17828	5.42666666667	0.18
9	17850	5.43333333333	0.18
9	17872	5.44	0.18
9	17894	5.44666666667	0.18
9	17916	5.45333333333	0.18
9	17938	5.46	0.18
9	17960	5.46666666667	0.18
9	17982	5.47333333333	0.18
9	18004	5.48	0.18
9	18026	5.48666666667	0.18
9	18048	5.49333333333	0.18
9	18074	5.5	0.18
9	18096	5.50666666667	0.18
9	18118	5.51333333333	0.18
9	18140	5.52	0.18
9	18162	5.52666666667	0.18
9	18184	5.53333333333	0.18
9	18206	5.54	0.18
9	18228	5.54666666667	0.18
9	18250	5.55333333333	0.18
9	18272	5.56	0.18
9	18294	5.56666666667	0.18
9	18316	5.57333333333	0.18
9	18338	5.58	0.18
9	18360	5.58666666667	0.18
9	18382	5.59333333333	0.18
9	18404	5.6	0.18
9	18426	5.60666666667	0.18
9	18448	5.61333333333	0.18
9	18470	5.62	0.18
9	18492	5.62666666667	0.18
9	18514	5.63333333333	0.18
9	18536	5.64	0.18
9	18558	5.64666666667	0.18
9	18580	5.65333333333	0.18
9	18602	5.66	0.18
9	18624	5.66666666667	0.18
9	18646	5.67333333333	0.18
9	18668	5.68	0.18
9	18690	5.68666666667	0.18
9	18712	5.69333333333	0.18
9	18734	5.7	0.18
9	18756	5.70666666667	0.18
9	18778	5.71333333333	0.18
9	18800	5.72	0.18
9	18822	5.72666666667	0.18
9	18844	5.73333333333	0.18
9	18866	5.74	0.18
9	18888	5.74666666667	0.18
9	18910	5.75333333333	0.18
9	18932	5.76	0.18
9	18954	5.76666666667	0.18
9	18976	5.77333333333	0.18
9	18998	5.78	0.18
9	19020	5.78666666667	0.18
9	19042	5.79333333333	0.18
9	19064	5.8	0.18
9	19086	5.80666666667	0.18
9	19108	5.81333333333	0.18
9	19130	5.82	0.18
9	19152	5.82666666667	0.18
9	19174	5.83333333333	0.18
9	19196	5.84	0.18
9	19218	5.84666666667	0.18
9	19240	5.85333333333	0.18
9	19262	5.86	0.18
9	19284	5.86666666667	0.18
9	19306	5.87333333333	0.18
9	19328	5.88	0.18
9	19350	5.88666666667	0.18
9	19372	5.89333333333	0.18
9	19394	5.9	0.18
9	19416	5.90666666667	0.18
9	19438	5.91333333333	0.18
9	19460	5.92	0.18
9	19482	5.92666666667	0.18
9	19504	5.93333333333	0.18
9	19526	5.94	0.18
9	19548	5.94666666667	0.18
9	19570	5.95333333333	0.18
9	19592	5.96	0.18
9	19614	5.96666666667	0.18
9	19636	5.97333333333	0.18
9	19658	5.98	0.18
9	19680	5.98666666667	0.18
9	19702	5.99333333333	0.18
9	19728	6	0.18
9	19750	6.00666666667	0.18
9	19772	6.01333333333	0.18
9	19794	6.02	0.18
9	19816	6.02666666667	0.18
9	19838	6.03333333333	0.18
9	19860	6.04	0.18
9	19882	6.04666666667	0.18
9	19904	6.05333333333	0.18
9	19926	6.06	0.18
9	19948	6.06666666667	0.18
9	19970	6.07333333333	0.18
9	19992	6.08	0.18
9	20014	6.08666666667	0.18
9	20036	6.09333333333	0.18
9	20058	6.1	0.18
9	20080	6.10666666667	0.18
9	20102	6.11333333333	0.18
9	20124	6.12	0.18
9	20146	6.12666666667	0.18
9	20168	6.13333333333	0.18
9	20190	6.14	0.18
9	20212	6.14666666667	0.18
9	20234	6.15333333333	0.18
9	20256	6.16	0.18
9	20278	6.16666666667	0.18
9	20300	6.17333333333	0.18
9	20322	6.18	0.18
9	20344	6.18666666667	0.18
9	20366	6.19333333333	0.18
9	20388	6.2	0.18
9	20410	6.20666666667	0.18
9	20432	6.21333333333	0.18
9	20454	6.22	0.18
9	20476	6.22666666667	0.18
9	20498	6.23333333333	0.18
9	20520	6.24	0.18
9	20542	6.24666666667	0.18
9	20564	6.25333333333	0.18
9	20586	6.26	0.18
9	20608	6.26666666667	0.18
9	20630	6.27333333333	0.18
9	20652	6.28	0.18
9	20674	6.28666666667	0.18
9	20696	6.29333333333	0.18
9	20718	6.3	0.18
9	20740	6.30666666667	0.18
9	20762	6.31333333333	0.18
9	20784	6.32	0.18
9	20806	6.32666666667	0.18
9	20828	6.33333333333	0.18
9	20850	6.34	0.18
9	20872	6.34666666667	0.18
9	20894	6.35333333333	0.18
9	20916	6.36	0.18
9	20938	6.36666666667	0.18
9	20960	6.37333333333	0.18
9	20982	6.38	0.18
9	21004	6.38666666667	0.18
9	21026	6.39333333333	0.18
9	21048	6.4	0.18
9	21070	6.40666666667	0.18
9	21092	6.41333333333	0.18
9	21114	6.42	0.18
9	21136	6.42666666667	0.18
9	21158	6.43333333333	0.18
9	21180	6.44	0.18
9	21202	6.44666666667	0.18
9	21224	6.45333333333	0.18
9	21246	6.46	0.18
9	21268	6.46666666667	0.18
9	21290	6.47333333333	0.18
9	21312	6.48	0.18
9	21334	6.48666666667	0.18
9	21356	6.49333333333	0.18
9	21382	6.5	0.18
9	21404	6.50666666667	0.18
9	21426	6.51333333333	0.18
9	21448	6.52	0.18
9	21470	6.52666666667	0.18
9	21492	6.53333333333	0.18
9	21514	6.54	0.18
9	21536	6.54666666667	0.18
9	21558	6.55333333333	0.18
9	21580	6.56	0.18
9	21602	6.56666666667	0.18
9	21624	6.57333333333	0.18
9	21646	6.58	0.18
9	21668	6.58666666667	0.18
9	21690	6.59333333333	0.18
9	21712	6.6	0.18
9	21734	6.60666666667	0.18
9	21756	6.61333333333	0.18
9	21778	6.62	0.18
9	21800	6.62666666667	0.18
9	21822	6.63333333333	0.18
9	21844	6.64	0.18
9	21866	6.64666666667	0.18
9	21888	6.65333333333	0.18
9	21910	6.66	0.18
9	21932	6.66666666667	0.18
9	21954	6.67333333333	0.18
9	21976	6.68	0.18
9	21998	6.68666666667	0.18
9	22020	6.69333333333	0.18
9	22042	6.7	0.18
9	22064	6.70666666667	0.18
9	22086	6.71333333333	0.18
9	22108	6.72	0.18
9	22130	6.72666666667	0.18
9	22152	6.73333333333	0.18
9	22174	6.74	0.18
9	22196	6.74666666667	0.18
9	22218	6.75333333333	0.18
9	22240	6.76	0.18
9	22262	6.76666666667	0.18
9	22284	6.77333333333	0.18
9	22306	6.78	0.18
9	22328	6.78666666667	0.18
9	22350	6.79333333333	0.18
9	22372	6.8	0.18
9	22394	6.80666666667	0.18
9	22416	6.81333333333	0.18
9	22438	6.82	0.18
9	22460	6.82666666667	0.18
9	22482	6.83333333333	0.18
9	22504	6.84	0.18
9	22526	6.84666666667	0.18
9	22548	6.85333333333	0.18
9	22570	6.86	0.18
9	22592	6.86666666667	0.18
9	22614	6.87333333333	0.18
9	22636	6.88	0.18
9	22658	6.88666666667	0.18
9	22680	6.89333333333	0.18
9	22702	6.9	0.18
9	22724	6.90666666667	0.18
9	22746	6.91333333333	0.18
9	22768	6.92	0.18
9	22790	6.92666666667	0.18
9	22812	6.93333333333	0.18
9	22834	6.94	0.18
9	22856	6.94666666667	0.18
9	22878	6.95333333333	0.18
9	22900	6.96	0.18
9	22922	6.96666666667	0.18
9	22944	6.97333333333	0.18
9	22966	6.98	0.18
9	22988	6.98666666667	0.18
9	23010	6.99333333333	0.18
9	23036	7	0.18
9	23058	7.00666666667	0.18
9	23080	7.01333333333	0.18
9	23102	7.02	0.18
9	23124	7.02666666667	0.18
9	23146	7.03333333333	0.18
9	23168	7.04	0.18
9	23190	7.04666666667	0.18
9	23212	7.05333333333	0.18
9	23234	7.06	0.18
9	23256	7.06666666667	0.18
9	23278	7.07333333333	0.18
9	23300	7.08	0.18
9	23322	7.08666666667	0.18
9	23344	7.09333333333	0.18
9	23366	7.1	0.18
9	23388	7.10666666667	0.18
9	23410	7.11333333333	0.18
9	23432	7.12	0.18
9	23454	7.12666666667	0.18
9	23476	7.13333333333	0.18
9	23498	7.14	0.18
9	23520	7.14666666667	0.18
9	23542	7.15333333333	0.18
9	23564	7.16	0.18
9	23586	7.16666666667	0.18
9	23608	7.17333333333	0.18
9	23630	7.18	0.18
9	23652	7.18666666667	0.18
9	23674	7.19333333333	0.18
9	23696	7.2	0.18
9	23718	7.20666666667	0.18
9	23740	7.21333333333	0.18
9	23762	7.22	0.18
9	23784	7.22666666667	0.18
9	23806	7.23333333333	0.18
9	23828	7.24	0.18
9	23850	7.24666666667	0.18
9	23872	7.25333333333	0.18
9	23894	7.26	0.18
9	23916	7.26666666667	0.18
9	23938	7.27333333333	0.18
9	23960	7.28	0.18
9	23982	7.28666666667	0.18
9	24004	7.29333333333	0.18
9	24026	7.3	0.18
9	24048	7.30666666667	0.18
9	24070	7.31333333333	0.18
9	24092	7.32	0.18
9	24114	7.32666666667	0.18
9	24136	7.33333333333	0.18
9	24158	7.34	0.18
9	24180	7.34666666667	0.18
9	24202	7.35333333333	0.18
9	24224	7.36	0.18
9	24246	7.36666666667	0.18
9	24268	7.37333333333	0.18
9	24290	7.38	0.18
9	24312	7.38666666667	0.18
9	24334	7.39333333333	0.18
9	24356	7.4	0.18
9	24378	7.40666666667	0.18
9	24400	7.41333333333	0.18
9	24422	7.42	0.18
9	24444	7.42666666667	0.18
9	24466	7.43333333333	0.18
9	24488	7.44	0.18
9	24510	7.44666666667	0.18
9	24532	7.45333333333	0.18
9	24554	7.46	0.18
9	24576	7.46666666667	0.18
9	24598	7.47333333333	0.18
9	24620	7.48	0.18
9	24642	7.48666666667	0.18
9	24664	7.49333333333	0.18
9	24690	7.5	0.18
9	24712	7.50666666667	0.18
9	24734	7.51333333333	0.18
9	24756	7.52	0.18
9	24778	7.52666666667	0.18
9	24800	7.53333333333	0.18
9	24822	7.54	0.18
9	24844	7.54666666667	0.18
9	24866	7.55333333333	0.18
9	24888	7.56	0.18
9	24910	7.56666666667	0.18
9	24932	7.57333333333	0.18
9	24954	7.58	0.18
9	24976	7.58666666667	0.18
9	24998	7.59333333333	0.18
9	25020	7.6	0.18
9	25042	7.60666666667	0.18
9	25064	7.61333333333	0.18
9	25086	7.62	0.18
9	25108	7.62666666667	0.18
9	25130	7.63333333333	0.18
9	25152	7.64	0.18
9	25174	7.64666666667	0.18
9	25196	7.65333333333	0.18
9	25218	7.66	0.18
9	25240	7.66666666667	0.18
9	25262	7.67333333333	0.18
9	25284	7.68	0.18
9	25306	7.68666666667	0.18
9	25328	7.69333333333	0.18
9	25350	7.7	0.18
9	25372	7.70666666667	0.18
9	25394	7.71333333333	0.18
9	25416	7.72	0.18
9	25438	7.72666666667	0.18
9	25460	7.73333333333	0.18
9	25482	7.74	0.18
9	25504	7.74666666667	0.18
9	25526	7.75333333333	0.18
9	25548	7.76	0.18
9	25570	7.76666666667	0.18
9	25592	7.77333333333	0.18
9	25614	7.78	0.18
9	25636	7.78666666667	0.18
9	25658	7.79333333333	0.18
9	25680	7.8	0.18
9	25702	7.80666666667	0.18
9	25724	7.81333333333	0.18
9	25746	7.82	0.18
9	25768	7.82666666667	0.18
9	25790	7.83333333333	0.18
9	25812	7.84	0.18
9	25834	7.84666666667	0.18
9	25856	7.85333333333	0.18
9	25878	7.86	0.18
9	25900	7.86666666667	0.18
9	25922	7.87333333333	0.18
9	25944	7.88	0.18
9	25966	7.88666666667	0.18
9	25988	7.89333333333	0.18
9	26010	7.9	0.18
9	26032	7.90666666667	0.18
9	26054	7.91333333333	0.18
9	26076	7.92	0.18
9	26098	7.92666666667	0.18
9	26120	7.93333333333	0.18
9	26142	7.94	0.18
9	26164	7.94666666667	0.18
9	26186	7.95333333333	0.18
9	26208	7.96	0.18
9	26230	7.96666666667	0.18
9	26252	7.97333333333	0.18
9	26274	7.98	0.18
9	26296	7.98666666667	0.18
9	26318	7.99333333333	0.18
9	26344	8	0.18
9	26366	8.00666666667	0.18
9	26388	8.01333333333	0.18
9	26410	8.02	0.18
9	26432	8.02666666667	0.18
9	26454	8.03333333333	0.18
9	26476	8.04	0.18
9	26498	8.04666666667	0.18
9	26520	8.05333333333	0.18
9	26542	8.06	0.18
9	26564	8.06666666667	0.18
9	26586	8.07333333333	0.18
9	26608	8.08	0.18
9	26630	8.08666666667	0.18
9	26652	8.09333333333	0.18
9	26674	8.1	0.18
9	26696	8.10666666667	0.18
9	26718	8.11333333333	0.18
9	26740	8.12	0.18
9	26762	8.12666666667	0.18
9	26784	8.13333333333	0.18
9	26806	8.14	0.18
9	26828	8.14666666667	0.18
9	26850	8.15333333333	0.18
9	26872	8.16	0.18
9	26894	8.16666666667	0.18
9	26916	8.17333333333	0.18
9	26938	8.18	0.18
9	26960	8.18666666667	0.18
9	26982	8.19333333333	0.18
9	27004	8.2	0.18
9	27026	8.20666666667	0.18
9	27048	8.21333333333	0.18
9	27070	8.22	0.18
9	27092	8.22666666667	0.18
9	27114	8.23333333333	0.18
9	27136	8.24	0.18
9	27158	8.24666666667	0.18
9	27180	8.25333333333	0.18
9	27202	8.26	0.18
9	27224	8.26666666667	0.18
9	27246	8.27333333333	0.18
9	27268	8.28	0.18
9	27290	8.28666666667	0.18
9	27312	8.29333333333	0.18
9	27334	8.3	0.18
9	27356	8.30666666667	0.18
9	27378	8.31333333333	0.18
9	27400	8.32	0.18
9	27422	8.32666666667	0.18
9	27444	8.33333333333	0.18
9	27466	8.34	0.18
9	27488	8.34666666667	0.18
9	27510	8.35333333333	0.18
9	27532	8.36	0.18
9	27554	8.36666666667	0.18
9	27576	8.37333333333	0.18
9	27598	8.38	0.18
9	27620	8.38666666667	0.18
9	27642	8.39333333333	0.18
9	27664	8.4	0.18
9	27686	8.40666666667	0.18
9	27708	8.41333333333	0.18
9	27730	8.42	0.18
9	27752	8.42666666667	0.18
9	27774	8.43333333333	0.18
9	27796	8.44	0.18
9	27818	8.44666666667	0.18
9	27840	8.45333333333	0.18
9	27862	8.46	0.18
9	27884	8.46666666667	0.18
9	27906	8.47333333333	0.18
9	27928	8.48	0.18
9	27950	8.48666666667	0.18
9	27972	8.49333333333	0.18
9	27998	8.5	0.18
9	28020	8.50666666667	0.18
9	28042	8.51333333333	0.18
9	28064	8.52	0.18
9	28086	8.52666666667	0.18
9	28108	8.53333333333	0.18
9	28130	8.54	0.18
9	28152	8.54666666667	0.18
9	28174	8.55333333333	0.18
9	28196	8.56	0.18
9	28218	8.56666666667	0.18
9	28240	8.57333333333	0.18
9	28262	8.58	0.18
9	28284	8.58666666667	0.18
9	28306	8.59333333333	0.18
9	28328	8.6	0.18
9	28350	8.60666666667	0.18
9	28372	8.61333333333	0.18
9	28394	8.62	0.18
9	28416	8.62666666667	0.18
9	28438	8.63333333333	0.18
9	28460	8.64	0.18
9	28482	8.64666666667	0.18
9	28504	8.65333333333	0.18
9	28526	8.66	0.18
9	28548	8.66666666667	0.18
9	28570	8.67333333333	0.18
9	28592	8.68	0.18
9	28614	8.68666666667	0.18
9	28636	8.69333333333	0.18
9	28658	8.7	0.18
9	28680	8.70666666667	0.18
9	28702	8.71333333333	0.18
9	28724	8.72	0.18
9	28746	8.72666666667	0.18
9	28768	8.73333333333	0.18
9	28790	8.74	0.18
9	28812	8.74666666667	0.18
9	28834	8.75333333333	0.18
9	28856	8.76	0.18
9	28878	8.76666666667	0.18
9	28900	8.77333333333	0.18
9	28922	8.78	0.18
9	28944	8.78666666667	0.18
9	28966	8.79333333333	0.18
9	28988	8.8	0.18
9	29010	8.80666666667	0.18
9	29032	8.81333333333	0.18
9	29054	8.82	0.18
9	29076	8.82666666667	0.18
9	29098	8.83333333333	0.18
9	29120	8.84	0.18
9	29142	8.84666666667	0.18
9	29164	8.85333333333	0.18
9	29186	8.86	0.18
9	29208	8.86666666667	0.18
9	29230	8.87333333333	0.18
9	29252	8.88	0.18
9	29274	8.88666666667	0.18
9	29296	8.89333333333	0.18
9	29318	8.9	0.18
9	29340	8.90666666667	0.18
9	29362	8.91333333333	0.18
9	29384	8.92	0.18
9	29406	8.92666666667	0.18
9	29428	8.93333333333	0.18
9	29450	8.94	0.18
9	29472	8.94666666667	0.18
9	29494	8.95333333333	0.18
9	29516	8.96	0.18
9	29538	8.96666666667	0.18
9	29560	8.97333333333	0.18
9	29582	8.98	0.18
9	29604	8.98666666667	0.18
9	29626	8.99333333333	0.18
9	29652	9	0.18
9	29674	9.00666666667	0.18
9	29696	9.01333333333	0.18
9	29718	9.02	0.18
9	29740	9.02666666667	0.18
9	29762	9.03333333333	0.18
9	29784	9.04	0.18
9	29806	9.04666666667	0.18
9	29828	9.05333333333	0.18
9	29850	9.06	0.18
9	29872	9.06666666667	0.18
9	29894	9.07333333333	0.18
9	29916	9.08	0.18
9	29938	9.08666666667	0.18
9	29960	9.09333333333	0.18
9	29982	9.1	0.18
9	30004	9.10666666667	0.18
9	30026	9.11333333333	0.18
9	30048	9.12	0.18
9	30070	9.12666666667	0.18
9	30092	9.13333333333	0.18
9	30114	9.14	0.18
9	30136	9.14666666667	0.18
9	30158	9.15333333333	0.18
9	30180	9.16	0.18
9	30202	9.16666666667	0.18
9	30224	9.17333333333	0.18
9	30246	9.18	0.18
9	30268	9.18666666667	0.18
9	30290	9.19333333333	0.18
9	30312	9.2	0.18
9	30334	9.20666666667	0.18
9	30356	9.21333333333	0.18
9	30378	9.22	0.18
9	30400	9.22666666667	0.18
9	30422	9.23333333333	0.18
9	30444	9.24	0.18
9	30466	9.24666666667	0.18
9	30488	9.25333333333	0.18
9	30510	9.26	0.18
9	30532	9.26666666667	0.18
9	30554	9.27333333333	0.18
9	30576	9.28	0.18
9	30598	9.28666666667	0.18
9	30620	9.29333333333	0.18
9	30642	9.3	0.18
9	30664	9.30666666667	0.18
9	30686	9.31333333333	0.18
9	30708	9.32	0.18
9	30730	9.32666666667	0.18
9	30752	9.33333333333	0.18
9	30774	9.34	0.18
9	30796	9.34666666667	0.18
9	30818	9.35333333333	0.18
9	30840	9.36	0.18
9	30862	9.36666666667	0.18
9	30884	9.37333333333	0.18
9	30906	9.38	0.18
9	30928	9.38666666667	0.18
9	30950	9.39333333333	0.18
9	30972	9.4	0.18
9	30994	9.40666666667	0.18
9	31016	9.41333333333	0.18
9	31038	9.42	0.18
9	31060	9.42666666667	0.18
9	31082	9.43333333333	0.18
9	31104	9.44	0.18
9	31126	9.44666666667	0.18
9	31148	9.45333333333	0.18
9	31170	9.46	0.18
9	31192	9.46666666667	0.18
9	31214	9.47333333333	0.18
9	31236	9.48	0.18
9	31258	9.48666666667	0.18
9	31280	9.49333333333	0.18
9	31306	9.5	0.18
9	31328	9.50666666667	0.18
9	31350	9.51333333333	0.18
9	31372	9.52	0.18
9	31394	9.52666666667	0.18
9	31416	9.53333333333	0.18
9	31438	9.54	0.18
9	31460	9.54666666667	0.18
9	31482	9.55333333333	0.18
9	31504	9.56	0.18
9	31526	9.56666666667	0.18
9	31548	9.57333333333	0.18
9	31570	9.58	0.18
9	31592	9.58666666667	0.18
9	31614	9.59333333333	0.18
9	31636	9.6	0.18
9	31658	9.60666666667	0.18
9	31680	9.61333333333	0.18
9	31702	9.62	0.18
9	31724	9.62666666667	0.18
9	31746	9.63333333333	0.18
9	31768	9.64	0.18
9	31790	9.64666666667	0.18
9	31812	9.65333333333	0.18
9	31834	9.66	0.18
9	31856	9.66666666667	0.18
9	31878	9.67333333333	0.18
9	31900	9.68	0.18
9	31922	9.68666666667	0.18
9	31944	9.69333333333	0.18
9	31966	9.7	0.18
9	31988	9.70666666667	0.18
9	32010	9.71333333333	0.18
9	32032	9.72	0.18
9	32054	9.72666666667	0.18
9	32076	9.73333333333	0.18
9	32098	9.74	0.18
9	32120	9.74666666667	0.18
9	32142	9.75333333333	0.18
9	32164	9.76	0.18
9	32186	9.76666666667	0.18
9	32208	9.77333333333	0.18
9	32230	9.78	0.18
9	32252	9.78666666667	0.18
9	32274	9.79333333333	0.18
9	32296	9.8	0.18
9	32318	9.80666666667	0.18
9	32340	9.81333333333	0.18
9	32362	9.82	0.18
9	32384	9.82666666667	0.18
9	32406	9.83333333333	0.18
9	32428	9.84	0.18
9	32450	9.84666666667	0.18
9	32472	9.85333333333	0.18
9	32494	9.86	0.18
9	32516	9.86666666667	0.18
9	32538	9.87333333333	0.18
9	32560	9.88	0.18
9	32582	9.88666666667	0.18
9	32604	9.89333333333	0.18
9	32626	9.9	0.18
9	32648	9.90666666667	0.18
9	32670	9.91333333333	0.18
9	32692	9.92	0.18
9	32714	9.92666666667	0.18
9	32736	9.93333333333	0.18
9	32758	9.94	0.18
9	32780	9.94666666667	0.18
9	32802	9.95333333333	0.18
9	32824	9.96	0.18
9	32846	9.96666666667	0.18
9	32868	9.97333333333	0.18
9	32890	9.98	0.18
9	32912	9.98666666667	0.18
9	32934	9.99333333333	0.18
9	32958	10	0.18
9	32977	10.00666666667	0.18
9	32996	10.01333333333	0.18
9	33015	10.02	0.18
9	33034	10.02666666667	0.18
9	33050	10.03333333333	0.18
9	33066	10.04	0.18
9	33082	10.04666666667	0.18
9	33098	10.05333333333	0.18
9	33113	10.06	0.18
9	33128	10.06666666667	0.18
9	33143	10.07333333333	0.18
9	33158	10.08	0.18
9	33173	10.08666666667	0.18
9	33187	10.09333333333	0.18
9	33201	10.1	0.18
9	33215	10.10666666667	0.18
9	33229	10.11333333333	0.18
9	33242	10.12	0.18
9	33255	10.12666666667	0.18
9	33268	10.13333333333	0.18
9	33281	10.14	0.18
9	33294	10.14666666667	0.18
9	33305	10.15333333333	0.18
9	33316	10.16	0.18
9	33327	10.16666666667	0.18
9	33338	10.17333333333	0.18

