version 2
run simpleNet-0-20181107-06:18:34-31592
attr configname simpleNet
attr datetime 20181107-06:18:34
attr experiment simpleNet
attr inifile omnetpp.ini
attr iterationvars ""
attr iterationvarsf ""
attr measurement ""
attr network simpleNet
attr processid 31592
attr repetition 0
attr replication #0
attr resultdir results
attr runnumber 0
attr seedset 0

vector 0 simpleNet.node[0] numInQueue:vector ETV
attr interpolationmode none
attr source numInQueue
attr title "total num in queue, vector"
vector 1 simpleNet.node[0] numProcessed:vector ETV
attr interpolationmode none
attr source numProcessed
attr title "num processed in statRate time, vector"
vector 2 simpleNet.node[1] numInQueue:vector ETV
attr interpolationmode none
attr source numInQueue
attr title "total num in queue, vector"
vector 3 simpleNet.node[1] numProcessed:vector ETV
attr interpolationmode none
attr source numProcessed
attr title "num processed in statRate time, vector"
vector 4 simpleNet.node[2] numInQueue:vector ETV
attr interpolationmode none
attr source numInQueue
attr title "total num in queue, vector"
vector 5 simpleNet.node[2] numProcessed:vector ETV
attr interpolationmode none
attr source numProcessed
attr title "num processed in statRate time, vector"
vector 6 simpleNet.node[3] numInQueue:vector ETV
attr interpolationmode none
attr source numInQueue
attr title "total num in queue, vector"
vector 7 simpleNet.node[3] numProcessed:vector ETV
attr interpolationmode none
attr source numProcessed
attr title "num processed in statRate time, vector"
vector 8 simpleNet.node[0] completionTime:vector ETV
attr interpolationmode none
attr source completionTime
attr title "completionTime, vector"
vector 9 simpleNet.node[3] completionTime:vector ETV
attr interpolationmode none
attr source completionTime
attr title "completionTime, vector"
0	2	0	0
0	821	0.5	0
0	1806	1	0
0	2775	1.5	0
0	3800	2	0
0	4719	2.5	0
0	5700	3	0
0	6808	3.5	0
0	7922	4	0
0	8684	4.5	0
0	9628	5	0
0	10673	5.5	0
0	11562	6	0
0	12663	6.5	0
0	13631	7	0
0	14759	7.5	0
0	15684	8	0
0	16681	8.5	0
0	17864	9	0
0	18808	9.5	0
0	19890	10	0
0	20215	10.5	0
1	2	0	0
1	821	0.5	69
1	1806	1	103
1	2775	1.5	98
1	3800	2	96
1	4719	2.5	96
1	5700	3	96
1	6808	3.5	109
1	7922	4	113
1	8684	4.5	76
1	9628	5	97
1	10673	5.5	99
1	11562	6	88
1	12663	6.5	109
1	13631	7	100
1	14759	7.5	110
1	15684	8	93
1	16681	8.5	100
1	17864	9	115
1	18808	9.5	98
1	19890	10	102
1	20215	10.5	46
2	3	0	0
2	822	0.5	0
2	1807	1	0
2	2776	1.5	0
2	3801	2	0
2	4720	2.5	0
2	5701	3	0
2	6809	3.5	0
2	7923	4	1
2	8685	4.5	3
2	9629	5	0
2	10674	5.5	0
2	11563	6	0
2	12664	6.5	0
2	13632	7	0
2	14760	7.5	0
2	15685	8	9
2	16682	8.5	0
2	17865	9	1
2	18809	9.5	13
2	19891	10	6
2	20216	10.5	0
3	3	0	0
3	822	0.5	144
3	1807	1	199
3	2776	1.5	191
3	3801	2	195
3	4720	2.5	199
3	5701	3	192
3	6809	3.5	209
3	7923	4	228
3	8685	4.5	155
3	9629	5	188
3	10674	5.5	201
3	11563	6	183
3	12664	6.5	212
3	13632	7	201
3	14760	7.5	223
3	15685	8	185
3	16682	8.5	200
3	17865	9	230
3	18809	9.5	187
3	19891	10	216
3	20216	10.5	88
4	4	0	0
4	823	0.5	0
4	1808	1	0
4	2777	1.5	0
4	3802	2	0
4	4721	2.5	0
4	5702	3	0
4	6810	3.5	0
4	7924	4	0
4	8686	4.5	0
4	9630	5	0
4	10675	5.5	0
4	11564	6	0
4	12665	6.5	0
4	13633	7	0
4	14761	7.5	0
4	15686	8	0
4	16683	8.5	0
4	17866	9	0
4	18810	9.5	0
4	19892	10	0
4	20217	10.5	0
5	4	0	0
5	823	0.5	140
5	1808	1	204
5	2777	1.5	193
5	3802	2	193
5	4721	2.5	192
5	5702	3	194
5	6810	3.5	217
5	7924	4	227
5	8686	4.5	154
5	9630	5	184
5	10675	5.5	209
5	11564	6	176
5	12665	6.5	213
5	13633	7	203
5	14761	7.5	220
5	15686	8	185
5	16683	8.5	198
5	17866	9	237
5	18810	9.5	186
5	19892	10	210
5	20217	10.5	91
6	6	0	0
6	824	0.5	0
6	1809	1	0
6	2778	1.5	0
6	3803	2	0
6	4722	2.5	0
6	5703	3	0
6	6811	3.5	0
6	7925	4	0
6	8687	4.5	0
6	9631	5	0
6	10676	5.5	0
6	11565	6	0
6	12666	6.5	0
6	13634	7	0
6	14762	7.5	0
6	15687	8	0
6	16684	8.5	0
6	17867	9	0
6	18811	9.5	0
6	19893	10	0
6	20218	10.5	0
7	6	0	0
7	824	0.5	74
7	1809	1	99
7	2778	1.5	96
7	3803	2	93
7	4722	2.5	100
7	5703	3	98
7	6811	3.5	102
7	7925	4	116
7	8687	4.5	79
7	9631	5	92
7	10676	5.5	105
7	11565	6	89
7	12666	6.5	104
7	13634	7	103
7	14762	7.5	111
7	15687	8	93
7	16684	8.5	98
7	17867	9	118
7	18811	9.5	90
7	19893	10	111
7	20218	10.5	42
8	132	0.18	0.18
8	161	0.196771217336	0.18
8	173	0.204178006826	0.18
8	200	0.217279351599	0.18
8	202	0.217490912081	0.18
8	228	0.233603341858	0.18
8	311	0.270553536838	0.18
8	376	0.302754074116	0.18
8	444	0.333826529984	0.18
8	475	0.348351824467	0.18
8	540	0.378182696047	0.18
8	568	0.386937060658	0.18
8	601	0.401483315142	0.18
8	607	0.405962699972	0.18
8	619	0.410148734204	0.18
8	628	0.413797695243	0.18
8	630	0.414298897234	0.18
8	632	0.41446978738	0.18
8	637	0.416807536668	0.18
8	664	0.42922839272	0.18
8	692	0.440878207251	0.18
8	708	0.450026513389	0.18
8	726	0.456813004918	0.18
8	747	0.466244339797	0.18
8	763	0.472358515029	0.18
8	779	0.482765646507	0.18
8	818	0.499496940245	0.18
8	826	0.500995924405	0.18
8	829	0.501915345809	0.18
8	856	0.517516445992	0.18
8	858	0.51838365749	0.18
8	860	0.518653795309	0.18
8	864	0.520496926956	0.18
8	871	0.52376630507	0.18
8	946	0.559755100928	0.18
8	956	0.566669787405	0.18
8	961	0.570687505885	0.18
8	971	0.575361543779	0.18
8	978	0.576937039475	0.18
8	983	0.580918576059	0.18
8	1001	0.588633942312	0.18
8	1041	0.613045125858	0.18
8	1044	0.614395273119	0.18
8	1047	0.6153343787	0.18
8	1051	0.617089150139	0.18
8	1059	0.618899490526	0.18
8	1076	0.630175650965	0.18
8	1255	0.730643167504	0.18
8	1263	0.731869061509	0.18
8	1297	0.744580678023	0.18
8	1329	0.762597217001	0.18
8	1338	0.766354526709	0.18
8	1347	0.76983916065	0.18
8	1391	0.791710058278	0.18
8	1411	0.798552272642	0.18
8	1427	0.806389883256	0.18
8	1450	0.818731579119	0.18
8	1453	0.819313986508	0.18
8	1477	0.828294591873	0.18
8	1492	0.834751670831	0.18
8	1517	0.847609111916	0.18
8	1545	0.860698395308	0.18
8	1549	0.861693743481	0.18
8	1570	0.873588585256	0.18
8	1579	0.876843297024	0.18
8	1586	0.881284400577	0.18
8	1593	0.882811016796	0.18
8	1619	0.901525433751	0.18
8	1630	0.903570065599	0.18
8	1635	0.905074245047	0.18
8	1649	0.911731572893	0.18
8	1698	0.937733726201	0.18
8	1701	0.938862657544	0.18
8	1748	0.966077532988	0.18
8	1750	0.966320710549	0.18
8	1779	0.986419908536	0.18
8	1782	0.986640663741	0.18
8	1788	0.989608923827	0.18
8	1818	1.006360503672	0.18
8	1848	1.023347007036	0.18
8	1853	1.024415111669	0.18
8	1878	1.043130734482	0.18
8	1885	1.046477209563	0.18
8	1902	1.054356016431	0.18
8	1913	1.061022204552	0.18
8	1918	1.062531679863	0.18
8	1932	1.073823388643	0.18
8	1938	1.077035748281	0.18
8	1947	1.083042846357	0.18
8	1957	1.088830915697	0.18
8	2003	1.117341050319	0.18
8	2011	1.121443381438	0.18
8	2080	1.162201469992	0.18
8	2092	1.168915480442	0.18
8	2115	1.18	0.18
8	2145	1.19630043055	0.18
8	2152	1.19920765113	0.18
8	2154	1.19923048254	0.18
8	2175	1.20637717206	0.18
8	2206	1.22469924794	0.18
8	2217	1.23029815994	0.18
8	2220	1.23108099596	0.18
8	2257	1.24684430786	0.18
8	2287	1.26320285417	0.18
8	2302	1.27010920147	0.18
8	2305	1.27110641307	0.18
8	2310	1.27332456176	0.18
8	2324	1.27806201471	0.18
8	2349	1.29032196281	0.18
8	2366	1.29839727016	0.18
8	2386	1.3057850205	0.18
8	2400	1.31334104913	0.18
8	2405	1.31531136801	0.18
8	2414	1.31928307297	0.18
8	2416	1.31985941099	0.18
8	2420	1.32166488522	0.18
8	2443	1.33156811007	0.18
8	2456	1.33980461053	0.18
8	2492	1.35542046364	0.18
8	2501	1.35966188844	0.18
8	2512	1.3650819062	0.18
8	2526	1.37316027399	0.18
8	2545	1.3836343391	0.18
8	2557	1.38621802038	0.18
8	2564	1.3906439559	0.18
8	2582	1.40204243425	0.18
8	2603	1.41292890223	0.18
8	2612	1.41558691829	0.18
8	2616	1.41617930339	0.18
8	2619	1.41847793386	0.18
8	2655	1.43819538934	0.18
8	2657	1.43829849302	0.18
8	2684	1.45209205818	0.18
8	2693	1.45529027788	0.18
8	2706	1.46328296404	0.18
8	2724	1.47264032609	0.18
8	2748	1.48451579911	0.18
8	2761	1.49315642353	0.18
8	2765	1.49376445011	0.18
8	2767	1.495175881	0.18
8	2780	1.50052930431	0.18
8	2848	1.54298290866	0.18
8	2903	1.57528319558	0.18
8	2942	1.59434522571	0.18
8	3000	1.62445517951	0.18
8	3012	1.62973465681	0.18
8	3051	1.6521063516	0.18
8	3058	1.65578122976	0.18
8	3060	1.65623168894	0.18
8	3079	1.66948077505	0.18
8	3093	1.67372762975	0.18
8	3112	1.68381794117	0.18
8	3129	1.69480658656	0.18
8	3162	1.7089588572	0.18
8	3166	1.71238007368	0.18
8	3173	1.71777141986	0.18
8	3213	1.73701979418	0.18
8	3239	1.7579903303	0.18
8	3249	1.76033822412	0.18
8	3278	1.77904588593	0.18
8	3298	1.79008199912	0.18
8	3355	1.81954931064	0.18
8	3367	1.82671284603	0.18
8	3371	1.82705527948	0.18
8	3390	1.83903700841	0.18
8	3440	1.85855358496	0.18
8	3462	1.86949935992	0.18
8	3466	1.8701099164	0.18
8	3468	1.87025270849	0.18
8	3487	1.87855259094	0.18
8	3490	1.87910085901	0.18
8	3506	1.88513449503	0.18
8	3541	1.89982058686	0.18
8	3572	1.91102342522	0.18
8	3580	1.91358643103	0.18
8	3586	1.91699565108	0.18
8	3639	1.93860530298	0.18
8	3676	1.95590150913	0.18
8	3701	1.96500810021	0.18
8	3722	1.97094566784	0.18
8	3747	1.98234573389	0.18
8	3757	1.98634167481	0.18
8	3793	1.99782034986	0.18
8	3834	2.01584214533	0.18
8	3843	2.01698593399	0.18
8	3854	2.02164252506	0.18
8	3886	2.03021115648	0.18
8	3897	2.03574528393	0.18
8	3912	2.0410597431	0.18
8	3939	2.05247237644	0.18
8	3961	2.06011846097	0.18
8	3965	2.06258238113	0.18
8	3974	2.06603043396	0.18
8	3981	2.06854210363	0.18
8	4008	2.08222404355	0.18
8	4012	2.08354486679	0.18
8	4075	2.11550464197	0.18
8	4078	2.11743803022	0.18
8	4085	2.12229403091	0.18
8	4101	2.12954112897	0.18
8	4103	2.13034468774	0.18
8	4111	2.13671375656	0.18
8	4145	2.15433729318	0.18
8	4150	2.15685324862	0.18
8	4161	2.16333466428	0.18
8	4183	2.17603610156	0.18
8	4190	2.18	0.18
8	4211	2.19666652188	0.18
8	4232	2.20769505589	0.18
8	4268	2.23490315586	0.18
8	4285	2.24773861893	0.18
8	4289	2.25090116269	0.18
8	4305	2.26039418584	0.18
8	4328	2.27726709942	0.18
8	4330	2.2775989407	0.18
8	4353	2.2888363691	0.18
8	4363	2.29404861722	0.18
8	4381	2.30641914496	0.18
8	4398	2.31634878681	0.18
8	4401	2.31757506909	0.18
8	4420	2.32725685608	0.18
8	4457	2.34934414324	0.18
8	4460	2.35039038261	0.18
8	4469	2.35590192732	0.18
8	4486	2.36459425654	0.18
8	4525	2.39068209188	0.18
8	4527	2.39152877528	0.18
8	4568	2.41743741919	0.18
8	4583	2.42909036443	0.18
8	4615	2.44235439174	0.18
8	4619	2.44397162634	0.18
8	4627	2.4490748441	0.18
8	4632	2.45386502994	0.18
8	4641	2.46165117469	0.18
8	4648	2.46372045185	0.18
8	4653	2.46457061077	0.18
8	4668	2.46996026578	0.18
8	4747	2.52019151896	0.18
8	4758	2.52698909219	0.18
8	4809	2.55724069664	0.18
8	4835	2.57479885381	0.18
8	4845	2.58235246416	0.18
8	4849	2.58395217992	0.18
8	4854	2.5856949837	0.18
8	4856	2.58717233773	0.18
8	4867	2.593907089	0.18
8	4872	2.59497720446	0.18
8	4875	2.59623287108	0.18
8	4883	2.60241773067	0.18
8	4916	2.62396437501	0.18
8	4953	2.64546841433	0.18
8	4980	2.66001548058	0.18
8	5044	2.69498838354	0.18
8	5051	2.69767506661	0.18
8	5062	2.70396455479	0.18
8	5158	2.75525740187	0.18
8	5163	2.75639149052	0.18
8	5180	2.7630414211	0.18
8	5242	2.79261016505	0.18
8	5251	2.79558679695	0.18
8	5287	2.81166809033	0.18
8	5343	2.83375714656	0.18
8	5346	2.83412605561	0.18
8	5382	2.85195269093	0.18
8	5428	2.87374658211	0.18
8	5432	2.87419566637	0.18
8	5447	2.8817531946	0.18
8	5462	2.8887169881	0.18
8	5477	2.89367180407	0.18
8	5492	2.90253491529	0.18
8	5510	2.90995717768	0.18
8	5516	2.91090048166	0.18
8	5541	2.92140069484	0.18
8	5553	2.92805441397	0.18
8	5569	2.93335639166	0.18
8	5571	2.93359346399	0.18
8	5601	2.94917785598	0.18
8	5624	2.96149477435	0.18
8	5629	2.96271884679	0.18
8	5631	2.96303060539	0.18
8	5661	2.97968600234	0.18
8	5670	2.98300415888	0.18
8	5706	3.00295620556	0.18
8	5718	3.00829125734	0.18
8	5726	3.01071196465	0.18
8	5763	3.02993473648	0.18
8	5790	3.04395324435	0.18
8	5800	3.05166232572	0.18
8	5815	3.05876955371	0.18
8	5855	3.0771676943	0.18
8	5859	3.07832860674	0.18
8	5863	3.08210367295	0.18
8	5876	3.0896348162	0.18
8	5893	3.0974021507	0.18
8	5910	3.10479795494	0.18
8	5921	3.11325294847	0.18
8	5955	3.13020096254	0.18
8	5963	3.13361898128	0.18
8	5992	3.15072422923	0.18
8	6051	3.1787835597	0.18
8	6055	3.18	0.18
8	6072	3.18426878571	0.18
8	6092	3.19136981446	0.18
8	6106	3.19755003424	0.18
8	6120	3.2069296137	0.18
8	6127	3.20879632448	0.18
8	6168	3.22468138377	0.18
8	6179	3.22823693911	0.18
8	6221	3.2497924123	0.18
8	6226	3.25139682651	0.18
8	6240	3.25700770035	0.18
8	6248	3.2622537355	0.18
8	6270	3.2714720072	0.18
8	6293	3.2812207953	0.18
8	6298	3.28239227838	0.18
8	6304	3.28564161084	0.18
8	6351	3.30548380255	0.18
8	6354	3.30666723187	0.18
8	6363	3.30968471415	0.18
8	6365	3.31115318264	0.18
8	6372	3.31429505618	0.18
8	6398	3.32499480988	0.18
8	6400	3.32568348078	0.18
8	6414	3.33059054678	0.18
8	6451	3.3475142141	0.18
8	6454	3.34860173764	0.18
8	6456	3.34927006052	0.18
8	6478	3.35797626178	0.18
8	6491	3.36129368042	0.18
8	6522	3.37627115855	0.18
8	6528	3.38079675887	0.18
8	6532	3.3824550762	0.18
8	6543	3.38486052309	0.18
8	6576	3.39879901033	0.18
8	6600	3.41288184151	0.18
8	6618	3.41914268246	0.18
8	6638	3.42744072812	0.18
8	6674	3.44347999971	0.18
8	6712	3.45759330165	0.18
8	6730	3.46605262396	0.18
8	6753	3.47425174559	0.18
8	6765	3.4805717606	0.18
8	6767	3.48058558762	0.18
8	6845	3.51395397904	0.18
8	6893	3.53482610863	0.18
8	6904	3.54012150718	0.18
8	6917	3.5450173454	0.18
8	6920	3.54533260043	0.18
8	6940	3.55404793349	0.18
8	6975	3.56942846711	0.18
8	6995	3.57765985637	0.18
8	7008	3.58395500051	0.18
8	7010	3.58399751047	0.18
8	7015	3.58529435654	0.18
8	7024	3.58777938806	0.18
8	7026	3.58918322379	0.18
8	7038	3.59292890936	0.18
8	7057	3.59954711323	0.18
8	7072	3.6077079824	0.18
8	7082	3.61260232315	0.18
8	7088	3.61517047078	0.18
8	7103	3.62023254442	0.18
8	7115	3.62438309827	0.18
8	7121	3.62575299075	0.18
8	7125	3.62733085785	0.18
8	7127	3.62808401832	0.18
8	7182	3.65491757397	0.18
8	7198	3.66114245431	0.18
8	7226	3.67379635508	0.18
8	7234	3.67761282292	0.18
8	7238	3.68118592749	0.18
8	7250	3.68661701219	0.18
8	7264	3.69227754147	0.18
8	7270	3.69458520668	0.18
8	7274	3.69513315612	0.18
8	7341	3.72701806271	0.18
8	7364	3.74093764429	0.18
8	7387	3.75103980918	0.18
8	7411	3.76016415002	0.18
8	7426	3.76735358715	0.18
8	7452	3.77981630485	0.18
8	7473	3.7888050408	0.18
8	7484	3.79488589881	0.18
8	7501	3.80408743464	0.18
8	7508	3.80483070894	0.18
8	7543	3.82052249026	0.18
8	7550	3.82592943393	0.18
8	7572	3.83600245354	0.18567908697
8	7640	3.87218832016	0.21303537883
8	7642	3.87220437763	0.20737111351
8	7675	3.88660009822	0.21972086434
8	7711	3.90252090815	0.23403020622
8	7713	3.90284239576	0.23064909882
8	7732	3.91181304436	0.23683717278
8	7760	3.92453136833	0.24312071651
8	7773	3.92919725661	0.23328406258
8	7794	3.93863824723	0.23958395155
8	7799	3.94005594424	0.23360500936
8	7812	3.94667374887	0.23473247247
8	7826	3.95399429554	0.23802077625
8	7844	3.95972377619	0.23329597956
8	7853	3.96507452328	0.21496003925
8	7894	3.98697538782	0.22957330076
8	7896	3.98778094698	0.21336315435
8	7903	3.99349230337	0.20970736663
8	7948	4.01365551203	0.21936099904
8	7970	4.02707426251	0.23070189298
8	7996	4.03973887316	0.24097201308
8	8008	4.04465412367	0.19941450416
8	8012	4.04858119655	0.19835126644
8	8031	4.05941678005	0.18
8	8037	4.06376375667	0.18
8	8040	4.06511279852	0.18
8	8055	4.07051736448	0.18
8	8059	4.07438298451	0.18350976195
8	8067	4.07955936141	0.18347987335
8	8096	4.09683724387	0.19990613433
8	8115	4.1089443024	0.1832185278
8	8126	4.11683777806	0.18203508094
8	8143	4.12956118934	0.18873290549
8	8163	4.14395599191	0.20109428367
8	8180	4.15552960144	0.20232007819
8	8188	4.1597864496	0.18431452607
8	8219	4.18	0.18
8	8225	4.18583190497	0.18
8	8250	4.20420568718	0.18395665394
8	8257	4.209201773	0.18045277098
8	8268	4.2186759205	0.18
8	8303	4.24429998317	0.18
8	8368	4.2860891245	0.18
8	8373	4.28917273025	0.18
8	8412	4.31474268456	0.18
8	8416	4.31812316458	0.18
8	8444	4.34240052603	0.18
8	8452	4.34398869909	0.18
8	8459	4.35004023731	0.18
8	8507	4.3818530397	0.18
8	8515	4.38553083024	0.18
8	8531	4.39227380928	0.18
8	8540	4.40305217597	0.18
8	8563	4.41762196684	0.194202171
8	8582	4.43053543455	0.19205352728
8	8587	4.43340557164	0.19002672661
8	8594	4.44027838206	0.19085978547
8	8666	4.48586861727	0.22995876111
8	8668	4.48602239013	0.22654017969
8	8672	4.49272176884	0.23114164689
8	8674	4.4928254173	0.22900442502
8	8693	4.50301877984	0.22513275843
8	8697	4.50593897059	0.18
8	8739	4.53298116638	0.18
8	8764	4.54145417077	0.18
8	8787	4.56503987846	0.18951024822
8	8796	4.56839006983	0.19049130188
8	8828	4.58907903771	0.18
8	8853	4.60105908844	0.18733893079
8	8892	4.6288891151	0.20406881403
8	8949	4.66385754337	0.2139067338
8	8984	4.68645272901	0.22012918688
8	8996	4.69067601867	0.22173313041
8	9026	4.70624356	0.22747871917
8	9043	4.71828781333	0.22750849122
8	9050	4.71985233528	0.22149795316
8	9098	4.74749134761	0.24393930166
8	9102	4.74869808118	0.2421250389
8	9105	4.74937099631	0.22317192497
8	9140	4.76584366689	0.22629969608
8	9173	4.78337835018	0.21559711555
8	9194	4.79343244961	0.21675826615
8	9198	4.7954756163	0.20082982617
8	9207	4.80066297882	0.19501924933
8	9210	4.80186873451	0.18166380405
8	9300	4.84717561009	0.18
8	9309	4.85043361669	0.18
8	9341	4.86888448935	0.18
8	9372	4.8808865999	0.18
8	9393	4.89262210803	0.18
8	9453	4.91889512764	0.18
8	9459	4.9228364259	0.18
8	9489	4.93216519863	0.18
8	9493	4.9351658075	0.18
8	9497	4.93843020201	0.18
8	9557	4.96618040568	0.18
8	9579	4.97685106624	0.18
8	9604	4.98961983166	0.18
8	9619	4.99874590181	0.18
8	9640	5.00262625133	0.18
8	9692	5.03218883597	0.18
8	9758	5.06517227722	0.18
8	9765	5.06748591253	0.18
8	9771	5.07272070826	0.18
8	9777	5.07422876168	0.18
8	9781	5.07476929796	0.18
8	9783	5.07497007906	0.18
8	9836	5.10277084213	0.18
8	9841	5.10441454665	0.18
8	9850	5.10727558487	0.18
8	9900	5.1352890671	0.18
8	9942	5.15741775279	0.18
8	9963	5.16761770031	0.18
8	9987	5.18	0.18
8	10021	5.19535347956	0.18
8	10042	5.20567001766	0.18
8	10068	5.21621228191	0.18
8	10110	5.2371186308	0.18
8	10113	5.2384201686	0.18
8	10145	5.25667547817	0.18
8	10149	5.25773633083	0.18
8	10153	5.25888254356	0.18
8	10163	5.26659905909	0.18
8	10181	5.27717389052	0.18
8	10238	5.31036599615	0.18
8	10255	5.31807293769	0.18
8	10297	5.3411549935	0.18
8	10343	5.36080696211	0.18
8	10390	5.38374390023	0.18
8	10399	5.38572290693	0.18
8	10413	5.3905898058	0.18
8	10421	5.39310799702	0.18
8	10452	5.4088602735	0.18
8	10456	5.41028716354	0.18
8	10497	5.42527161209	0.18
8	10531	5.44033048904	0.18
8	10560	5.45339111697	0.18
8	10567	5.45750758246	0.18
8	10603	5.47062764457	0.18
8	10616	5.4774579956	0.18
8	10622	5.47893910479	0.18
8	10626	5.47967840013	0.18
8	10649	5.49325275413	0.18
8	10685	5.50309621926	0.18
8	10693	5.50746339648	0.18
8	10703	5.51149271382	0.18
8	10707	5.51369068671	0.18
8	10722	5.52515994446	0.18
8	10728	5.52752555933	0.18
8	10743	5.5311693977	0.18
8	10760	5.53789839685	0.18
8	10770	5.54435213272	0.18
8	10774	5.54503346575	0.18
8	10806	5.56465741503	0.18
8	10811	5.56715338945	0.18
8	10813	5.56760892323	0.18
8	10831	5.58247324106	0.18
8	10852	5.58998182972	0.18
8	10907	5.62018685434	0.18
8	10935	5.64511094806	0.18
8	10952	5.64899179743	0.18
8	10957	5.64988341861	0.18
8	10973	5.6641930231	0.18
8	10999	5.67869790916	0.18
8	11004	5.67948784241	0.18
8	11034	5.69901648623	0.18
8	11080	5.7248473488	0.18
8	11142	5.7600908024	0.18
8	11158	5.76614702901	0.18
8	11162	5.76664646091	0.18
8	11171	5.76966591924	0.18
8	11185	5.78323653646	0.18
8	11196	5.78824191461	0.18
8	11198	5.78945159952	0.18
8	11209	5.79259718367	0.18
8	11241	5.8113143326	0.18
8	11249	5.81407609471	0.18
8	11259	5.82200219004	0.18
8	11354	5.87540629862	0.18
8	11358	5.87611973687	0.18
8	11366	5.88228651068	0.18
8	11377	5.88690091189	0.18
8	11395	5.89990619068	0.18
8	11457	5.93588931167	0.18
8	11465	5.94259137149	0.18
8	11468	5.94397247028	0.18
8	11519	5.97435174722	0.18
8	11540	5.98794772165	0.18
8	11582	6.00879568285	0.18
8	11616	6.02604260519	0.18
8	11619	6.02774618083	0.18
8	11667	6.05399129429	0.18
8	11702	6.0701009546	0.18
8	11739	6.08486827019	0.18
8	11741	6.08514215946	0.18
8	11753	6.09263088219	0.18
8	11773	6.10183666487	0.18
8	11782	6.10633137992	0.18
8	11786	6.10726936997	0.18
8	11856	6.13826699254	0.18
8	11863	6.14239857977	0.18
8	11867	6.14319593031	0.18
8	11871	6.14338671236	0.18
8	11876	6.14532203333	0.18
8	11880	6.14894857893	0.18
8	11882	6.14901413427	0.18
8	11923	6.16573238973	0.18
8	11952	6.18	0.18
8	11956	6.18090641787	0.18
8	11979	6.19022079118	0.18
8	11985	6.19395964484	0.18
8	11992	6.19677855696	0.18
8	12001	6.20323863952	0.18
8	12062	6.23971530779	0.18
8	12104	6.26267749342	0.18
8	12115	6.27140317883	0.18
8	12125	6.27412375384	0.18
8	12129	6.27557482444	0.18
8	12156	6.29070674033	0.18
8	12158	6.29104476946	0.18
8	12182	6.3036330982	0.18
8	12210	6.31219817719	0.18
8	12227	6.32430037136	0.18
8	12249	6.33512653617	0.18
8	12261	6.33800583874	0.18
8	12289	6.35429226571	0.18
8	12327	6.36724566118	0.18
8	12351	6.37783163513	0.18
8	12367	6.38823421621	0.18
8	12378	6.39189266167	0.18
8	12392	6.39631788583	0.18
8	12411	6.40142201319	0.18
8	12464	6.4243068263	0.18
8	12525	6.45064892851	0.18
8	12544	6.45660052095	0.18
8	12569	6.46471131057	0.18
8	12572	6.46528403196	0.18
8	12583	6.47285585757	0.18
8	12594	6.47736362243	0.18
8	12621	6.4831490112	0.18
8	12627	6.48719877416	0.18
8	12629	6.48720928858	0.18
8	12645	6.49111318357	0.18
8	12648	6.49146701349	0.18
8	12719	6.51810995842	0.18
8	12722	6.51852956731	0.18
8	12724	6.51954322974	0.18
8	12787	6.5431279224	0.18
8	12829	6.55963532405	0.18
8	12837	6.56306419012	0.18
8	12840	6.56403491909	0.18
8	12849	6.56850011359	0.18
8	12885	6.5801863698	0.18
8	12916	6.59574490278	0.18
8	12929	6.60056544267	0.18
8	12932	6.60128700019	0.18
8	12935	6.6019330766	0.18
8	12937	6.60213257318	0.18
8	12939	6.60290560754	0.18
8	12991	6.6298113452	0.18
8	13002	6.63453095693	0.18
8	13012	6.63993452535	0.18
8	13015	6.64061924869	0.18
8	13022	6.64363292791	0.18
8	13043	6.651328231	0.18
8	13045	6.65139664767	0.18
8	13050	6.65363496405	0.18
8	13057	6.6563628698	0.18
8	13090	6.67389407798	0.18
8	13094	6.67575477232	0.18
8	13099	6.67686532513	0.18
8	13119	6.68511189453	0.18
8	13134	6.69135169099	0.18
8	13142	6.69725023691	0.18
8	13149	6.69847568388	0.18
8	13173	6.71024491366	0.18
8	13196	6.72072318306	0.18
8	13203	6.72577851432	0.18
8	13215	6.73266167233	0.18
8	13217	6.73276794084	0.18
8	13224	6.73701939356	0.18
8	13245	6.74853615694	0.18
8	13249	6.75031073147	0.18
8	13325	6.80338211798	0.18
8	13343	6.81468547739	0.18
8	13355	6.82015974784	0.18
8	13359	6.82598770148	0.18
8	13362	6.82656795778	0.18
8	13380	6.83392515708	0.18
8	13391	6.83987682639	0.18
8	13402	6.84596567507	0.18
8	13407	6.84914036316	0.18
8	13448	6.87236468678	0.18
8	13507	6.9175719519	0.18
8	13516	6.92236547606	0.18
8	13596	6.97898637116	0.18
8	13613	6.99151653473	0.18
8	13615	6.99223359354	0.18
8	13628	6.99807353807	0.18
8	13650	7.00843531082	0.18
8	13660	7.01388252693	0.18
8	13665	7.01578041528	0.18
8	13720	7.04140301106	0.18
8	13755	7.06129101339	0.18
8	13757	7.06223409682	0.18
8	13780	7.07091431622	0.18
8	13792	7.07615328454	0.18
8	13833	7.09756174637	0.18
8	13837	7.09826514261	0.18
8	13868	7.11286830638	0.18
8	13899	7.12560129729	0.18
8	13911	7.12926501684	0.18
8	13977	7.15608343928	0.18
8	13996	7.16459120696	0.18
8	14002	7.16832473275	0.18
8	14010	7.17421604408	0.18
8	14016	7.17459986428	0.18
8	14020	7.17473400862	0.18
8	14039	7.18	0.18
8	14055	7.18427515706	0.18
8	14095	7.20431127275	0.18
8	14100	7.20462774943	0.18
8	14106	7.20604173529	0.18
8	14123	7.21012244158	0.18
8	14140	7.21798800851	0.18
8	14148	7.220407611	0.18
8	14150	7.22044795379	0.18
8	14152	7.22228565943	0.18
8	14191	7.23695643683	0.18
8	14194	7.23718887454	0.18
8	14231	7.2571045661	0.18791679025
8	14247	7.26551653245	0.19549488794
8	14276	7.27877744409	0.20801164799
8	14315	7.29633027845	0.21899500406
8	14321	7.29762349475	0.20937914474
8	14377	7.32612537082	0.22704134701
8	14382	7.32669507811	0.22737676868
8	14389	7.33	0.21335521318
8	14396	7.33359991321	0.2134557453
8	14412	7.34034580815	0.20694911006
8	14420	7.34455373948	0.20490281622
8	14442	7.3543655842	0.20721284782
8	14460	7.3624345192	0.2008758405
8	14466	7.36423235857	0.19605664509
8	14472	7.36789348137	0.18718785954
8	14483	7.37263000799	0.19067878287
8	14508	7.38252865878	0.19992007068
8	14552	7.40306394512	0.21346752447
8	14557	7.40616379582	0.20507460189
8	14571	7.41116073449	0.20860829921
8	14579	7.41415347936	0.20258825653
8	14628	7.43904008587	0.21916178706
8	14651	7.45098154078	0.21387204896
8	14673	7.45870034558	0.199004033
8	14730	7.48750900418	0.18
8	14768	7.50153430737	0.18
8	14777	7.50739754415	0.18
8	14787	7.51237048299	0.18
8	14802	7.51804710342	0.18
8	14817	7.52632574235	0.18
8	14839	7.53866934232	0.19139444237
8	14854	7.54682678292	0.18378915817
8	14882	7.55980517521	0.19145169935
8	14891	7.56406880219	0.19529445631
8	14902	7.569652832	0.19198322267
8	14923	7.57834902228	0.19853259041
8	14936	7.58683632304	0.20259454466
8	14953	7.594369227	0.20366060611
8	14974	7.60380164245	0.20720995805
8	14976	7.60398710728	0.20661658619
8	14993	7.61064820132	0.20180076672
8	15003	7.61761306227	0.18
8	15021	7.62544291251	0.18
8	15036	7.6328761099	0.18
8	15046	7.63742118842	0.18
8	15054	7.63983977157	0.18
8	15070	7.64945144106	0.18792596348
8	15088	7.65902891373	0.18
8	15108	7.66793327003	0.18478829066
8	15117	7.67177954581	0.18106856266
8	15155	7.69200338221	0.19845681689
8	15218	7.7281206412	0.20669578773
8	15221	7.72928670349	0.20260568194
8	15240	7.74127195225	0.19219932747
8	15262	7.75350740158	0.19088370073
8	15321	7.7869445934	0.22409555663
8	15327	7.79146968103	0.21850533982
8	15352	7.80171898994	0.21443814763
8	15354	7.80447843651	0.21289520514
8	15388	7.82293281636	0.22339351567
8	15390	7.82370134497	0.22260233933
8	15406	7.83144707576	0.22350924045
8	15423	7.84115071186	0.2224562982
8	15425	7.8416816077	0.22112854928
8	15457	7.86123122923	0.23834127091
8	15468	7.86853627652	0.23949920242
8	15470	7.86944347582	0.21601808216
8	15509	7.89579409912	0.22962265862
8	15519	7.90029229613	0.22613058443
8	15535	7.91167320902	0.23215257219
8	15552	7.91957075288	0.23923260232
8	15574	7.93476883963	0.23919953977
8	15582	7.93911172736	0.23402331491
8	15620	7.96176548684	0.25522648736
8	15628	7.96633370043	0.25005505628
8	15645	7.97404867577	0.25658652888
8	15651	7.9790218385	0.24157009817
8	15665	7.98808719962	0.24307282752
8	15698	8.00656369662	0.26040914441
8	15719	8.02063868949	0.26148876476
8	15742	8.03650417009	0.27079948516
8	15798	8.07101243078	0.30475471454
8	15840	8.09213535311	0.31606647881
8	15843	8.09289611827	0.28453976776
8	15859	8.10636832545	0.28411367741
8	15873	8.11427979463	0.28875326402
8	15881	8.11763159898	0.28857437972
8	15904	8.12916138158	0.276105484
8	15914	8.13745464542	0.27718924849
8	15929	8.14567610998	0.27894480111
8	16026	8.19392502906	0.30763955526
8	16059	8.20740933091	0.3076136111
8	16081	8.21671339395	0.30348627925
8	16089	8.22137866923	0.30766623137
8	16091	8.22193391904	0.30241369826
8	16108	8.22972886021	0.30078432396
8	16128	8.23958893754	0.30554614441
8	16134	8.24144706813	0.30025292039
8	16193	8.27211341221	0.30471403203
8	16240	8.29926287669	0.31935336627
8	16245	8.30026117509	0.30026117509
8	16290	8.31787140817	0.28985080496
8	16302	8.32283541437	0.29073740444
8	16315	8.33	0.29197240878
8	16330	8.33514101901	0.27866453774
8	16349	8.34358017295	0.26209291067
8	16357	8.34768884782	0.25642138691
8	16363	8.3492382027	0.22117596141
8	16379	8.35604059631	0.21293045575
8	16389	8.36119716098	0.20299545712
8	16426	8.37780754691	0.21071101238
8	16436	8.38257856747	0.21392532054
8	16440	8.38539975279	0.21073193757
8	16513	8.42277284506	0.24682262377
8	16537	8.43104710083	0.25320699537
8	16544	8.43398067487	0.25305590463
8	16551	8.43981557613	0.24976701282
8	16559	8.44607957798	0.24868597246
8	16577	8.45392039844	0.25095393102
8	16585	8.45566179251	0.2303762269
8	16605	8.46380929433	0.23392270057
8	16639	8.4828728983	0.22112346352
8	16660	8.48886527938	0.21626048858
8	16687	8.50088724495	0.22359198037
8	16690	8.50133552443	0.21974427411
8	16699	8.50607436429	0.22000056467
8	16743	8.52506907486	0.2181541747
8	16778	8.54205944669	0.22918077264
8	16793	8.54860594705	0.22802727286
8	16798	8.5498780833	0.20635940058
8	16801	8.55101234798	0.20303130556
8	16835	8.56760921311	0.2168725761
8	16863	8.58109207876	0.18
8	16891	8.59743566183	0.19619845687
8	16901	8.60227327691	0.18603120363
8	16965	8.63314194694	0.19876512899
8	16969	8.63491027647	0.19593308957
8	16975	8.63562869661	0.18529147453
8	16984	8.63981614966	0.18
8	16999	8.64592820353	0.18
8	17023	8.65415393313	0.18
8	17043	8.66506307979	0.18337536807
8	17057	8.6742969104	0.18
8	17066	8.67568118775	0.18
8	17075	8.67759779333	0.18035380461
8	17116	8.69440789549	0.18
8	17128	8.7005725258	0.18
8	17153	8.70879849422	0.18
8	17193	8.72505264411	0.19473811262
8	17215	8.73587903986	0.19014546441
8	17270	8.75801224439	0.21031981857
8	17306	8.77089102231	0.20522768692
8	17347	8.78963062264	0.22298243544
8	17377	8.79974427014	0.22958344068
8	17379	8.80028972483	0.22992505997
8	17392	8.8042571809	0.22181977361
8	17407	8.81016844851	0.21099322116
8	17460	8.83169777664	0.22217242737
8	17484	8.83967428783	0.22435054267
8	17489	8.84048629704	0.20204301609
8	17518	8.85555065829	0.21327701353
8	17523	8.85660288886	0.20735483588
8	17552	8.86575317572	0.2163306142
8	17556	8.86787335771	0.18619697946
8	17597	8.88628351616	0.20156776356
8	17605	8.88744988067	0.19429028029
8	17610	8.88907778284	0.19443799636
8	17621	8.89404993788	0.19761986105
8	17670	8.91527786102	0.20798794674
8	17684	8.92090327895	0.20926223317
8	17715	8.93510323149	0.21323731788
8	17722	8.93784446385	0.21106556112
8	17739	8.94471650902	0.20948899831
8	17768	8.95504843939	0.21965442065
8	17774	8.95961809099	0.19882061407
8	17782	8.96444336811	0.19557701835
8	17803	8.97438466716	0.20504087167
8	17806	8.97478360085	0.18810436308
8	17815	8.97739885382	0.18028929355
8	17830	8.98185618453	0.18
8	17880	9.00665023069	0.18
8	17896	9.01034400131	0.18
8	17912	9.02076552709	0.18
8	17916	9.02270761409	0.18
8	17923	9.02779340593	0.18
8	17937	9.03315797262	0.18
8	17963	9.04455172212	0.18
8	17989	9.05968179032	0.18
8	18005	9.06671592313	0.18
8	18032	9.07980183379	0.18
8	18052	9.09208191549	0.18
8	18058	9.0937702309	0.18
8	18086	9.1058337445	0.18
8	18090	9.10839755077	0.18
8	18092	9.1088231559	0.18
8	18096	9.11179729317	0.18
8	18111	9.11799859551	0.18
8	18121	9.12519527508	0.18
8	18131	9.12881098816	0.18
8	18135	9.1290436302	0.18
8	18137	9.12917034576	0.18
8	18201	9.15964795241	0.20585326423
8	18208	9.16260702093	0.18596304974
8	18251	9.1888934426	0.20778609957
8	18278	9.20722325476	0.20722325476
8	18287	9.21232564475	0.20365406616
8	18290	9.21291735578	0.19850231683
8	18313	9.22488481614	0.20264279216
8	18331	9.23788444659	0.20585654351
8	18378	9.26747474466	0.21530585155
8	18427	9.29401232665	0.23926560235
8	18429	9.29518127063	0.22557888881
8	18446	9.30513965619	0.21833568504
8	18455	9.30697839868	0.20755222218
8	18458	9.30856050368	0.20121693917
8	18461	9.30936425944	0.19545597362
8	18470	9.31238210389	0.19775666809
8	18479	9.31969947961	0.19982114995
8	18489	9.33	0.2022359942
8	18563	9.36583878524	0.22370084718
8	18570	9.36883012514	0.21493218514
8	18585	9.37596292772	0.2130448556
8	18622	9.40202697977	0.23473511535
8	18640	9.41213839139	0.21506492137
8	18662	9.42553808713	0.22832186948
8	18664	9.42559353724	0.22775671048
8	18736	9.46492908959	0.24922265539
8	18744	9.4659477315	0.24953040455
8	18759	9.47831667777	0.25952839236
8	18761	9.48029671613	0.25065204978
8	18774	9.48492893522	0.24391747637
8	18786	9.49112303088	0.2418895609
8	18791	9.4921121515	0.23315487711
8	18831	9.51284796789	0.24383910689
8	18888	9.54411586578	0.26737685765
8	18984	9.59008521201	0.28828238316
8	19006	9.60124317091	0.29758953796
8	19016	9.60678451428	0.29647844332
8	19019	9.6075447658	0.28733814344
8	19024	9.61208251701	0.28612917475
8	19041	9.61727492149	0.28699733412
8	19090	9.6451400326	0.30956172222
8	19130	9.66146292812	0.31101562161
8	19139	9.66587994167	0.31342705999
8	19141	9.6664708125	0.29229497845
8	19143	9.66684721156	0.2824125682
8	19159	9.67541511692	0.28906680481
8	19161	9.67579887796	0.27871440684
8	19194	9.68627233064	0.26887794201
8	19206	9.6916254094	0.2719453142
8	19251	9.71099773251	0.28727422905
8	19260	9.71434923781	0.26802464276
8	19273	9.71821733518	0.27154326918
8	19298	9.73264048233	0.2790625799
8	19308	9.73594672014	0.28140236326
8	19314	9.73738411153	0.24605114478
8	19330	9.74468323355	0.2304807197
8	19347	9.75474270185	0.22221876747
8	19367	9.76527302146	0.22656564303
8	19440	9.79997295912	0.25520279977
8	19493	9.82668236924	0.2809384707
8	19512	9.83195691232	0.27150862568
8	19515	9.83310682998	0.26914443948
8	19522	9.8359796239	0.27162300608
8	19531	9.83779827839	0.25222430428
8	19542	9.84850167316	0.25486603661
8	19547	9.84944784912	0.2519596921
8	19570	9.8577327511	0.2440189657
8	19673	9.90307870581	0.27779558186
8	19677	9.90352926464	0.27549714277
8	19687	9.91138136918	0.27886125011
8	19703	9.91711754535	0.2701519279
8	19718	9.92371731897	0.26872931008
8	19724	9.9253092999	0.26312725739
8	19758	9.94513157554	0.27656517946
8	19777	9.95064849569	0.28077516206
8	19836	9.97768428465	0.3040111109
8	19866	9.98955052827	0.30849894918
8	19887	9.99979453294	0.31615445845
8	19904	10.00514059649	0.31977819024
8	19910	10.00709179531	0.31827315835
8	19913	10.00797209191	0.31797547048
8	19928	10.01681157208	0.32365083026
8	19930	10.01732168641	0.32353803695
8	19955	10.02919030636	0.29618034548
8	19966	10.03240207271	0.29897507319
8	19969	10.03437603763	0.30081333674
8	19980	10.0395650535	0.30077144884
8	20014	10.06043722857	0.31381644881
8	20018	10.06197450577	0.31322419762
8	20054	10.08326095217	0.32793885249
8	20075	10.09854081339	0.32860311799
8	20079	10.10013489373	0.31096868953
8	20085	10.10444758077	0.30243871544
8	20092	10.10755986627	0.30266431814
8	20100	10.11102417975	0.29766615609
8	20121	10.12535283174	0.3050059298
8	20126	10.12855865814	0.29686190006
8	20134	10.13519152217	0.28605261874
8	20137	10.13740923569	0.27506060556
8	20147	10.14108774259	0.26808908741
8	20149	10.14224671222	0.25907530345
8	20173	10.16766308616	0.27565447954
8	20185	10.17999176255	0.28481919548
8	20192	10.19612678372	0.27533823753
8	20197	10.20067714227	0.26759106946
8	20199	10.20587333361	0.24272270079
8	20204	10.2163936488	0.24881042657
8	20207	10.23024495193	0.24152440672
8	20211	10.23718908264	0.24223625768
9	134	0.18	0.18
9	144	0.186616497215	0.18
9	158	0.195249572075	0.18
9	241	0.238374829541	0.18
9	248	0.240407818863	0.18
9	254	0.242011669217	0.18
9	258	0.244581389185	0.18
9	264	0.247795347744	0.18
9	278	0.256376695204	0.18
9	297	0.266653273876	0.18
9	304	0.269148101807	0.18
9	306	0.269498774542	0.18
9	335	0.282401915103	0.18
9	338	0.283230662436	0.18
9	348	0.288482146981	0.18
9	383	0.305596556111	0.18
9	386	0.307185420814	0.18
9	391	0.311276178457	0.18
9	395	0.311803470837	0.18
9	418	0.321709072107	0.18
9	427	0.324301340642	0.18
9	463	0.343192609826	0.18
9	479	0.350714805803	0.18
9	488	0.352542811231	0.18
9	499	0.357044055714	0.18
9	504	0.360365098928	0.18
9	521	0.369903514017	0.18
9	538	0.378169989262	0.18
9	551	0.381054247985	0.18
9	571	0.388006155842	0.18
9	579	0.391809359781	0.18
9	604	0.403401583579	0.18
9	645	0.421398425331	0.18
9	683	0.436468636837	0.18
9	722	0.455592083285	0.18
9	736	0.460715330616	0.18
9	765	0.473554911043	0.18
9	782	0.48315235091	0.18
9	804	0.491680074411	0.18
9	811	0.496185324409	0.18
9	833	0.50521605982	0.18
9	866	0.520539810684	0.18
9	904	0.541055486038	0.18
9	907	0.542292254272	0.18
9	924	0.549799780246	0.18
9	944	0.559592821856	0.18
9	953	0.566525347192	0.18
9	973	0.575639626181	0.18
9	975	0.575751744768	0.18
9	1024	0.602049765569	0.18
9	1028	0.605177344495	0.18
9	1073	0.627360586681	0.18
9	1115	0.651913673833	0.18
9	1124	0.656664623191	0.18
9	1131	0.662928121891	0.18
9	1153	0.677309398828	0.18
9	1181	0.689570002316	0.18
9	1185	0.693206788742	0.18
9	1210	0.706910084267	0.18
9	1214	0.707629711856	0.18
9	1217	0.708308412742	0.18
9	1231	0.712679461479	0.18
9	1233	0.714218159672	0.18
9	1246	0.726215593057	0.18
9	1293	0.742529457435	0.18
9	1316	0.758993493301	0.18
9	1343	0.768385665467	0.18
9	1349	0.769921185736	0.18
9	1356	0.772450744966	0.18
9	1399	0.79420709823	0.18
9	1401	0.794618684149	0.18
9	1435	0.811931990039	0.18
9	1455	0.81948766405	0.18
9	1465	0.821804732653	0.18
9	1475	0.827321298954	0.18
9	1485	0.831018969401	0.18
9	1487	0.83114351435	0.18
9	1524	0.850674161175	0.18
9	1528	0.851402562396	0.18
9	1543	0.86063822713	0.18
9	1654	0.913875450486	0.18
9	1659	0.91658859724	0.18
9	1675	0.93076519348	0.18
9	1679	0.932088731238	0.18
9	1681	0.932210669799	0.18
9	1685	0.9331739665	0.18
9	1712	0.945984125661	0.18
9	1732	0.959550545639	0.18
9	1757	0.971426606528	0.18
9	1771	0.979425463585	0.18
9	1776	0.984041858351	0.18
9	1792	0.992987565933	0.18
9	1820	1.006649321745	0.18
9	1844	1.021409867836	0.18
9	1905	1.055461966041	0.18
9	1926	1.067465184355	0.18
9	1966	1.092096508656	0.18
9	1975	1.096691561555	0.18
9	2016	1.124882148225	0.18
9	2034	1.135967776322	0.18
9	2070	1.155900984849	0.18
9	2089	1.167541398234	0.18
9	2117	1.18	0.18
9	2132	1.18848470492	0.18
9	2163	1.20114695581	0.18
9	2167	1.2033966993	0.18
9	2200	1.22089271161	0.18
9	2231	1.23420804482	0.18
9	2255	1.24645528149	0.18
9	2313	1.27461101351	0.18
9	2326	1.27906518164	0.18
9	2383	1.30530158149	0.18
9	2407	1.31705894915	0.18
9	2473	1.34785035107	0.18
9	2516	1.36730431098	0.18
9	2520	1.37056441704	0.18
9	2534	1.37800075369	0.18
9	2548	1.38404546637	0.18
9	2588	1.4044915751	0.18
9	2599	1.41217485587	0.18
9	2631	1.42448740219	0.18
9	2665	1.44382528884	0.18
9	2673	1.4456312672	0.18
9	2682	1.45130283005	0.18
9	2702	1.4613772446	0.18
9	2730	1.47527969246	0.18
9	2752	1.48544848404	0.18
9	2757	1.49050294788	0.18
9	2793	1.50939463563	0.18
9	2796	1.51036715752	0.18
9	2881	1.56244273032	0.18
9	2899	1.57366775561	0.18
9	2910	1.57928564547	0.18
9	2923	1.58586203767	0.18
9	2928	1.58719297882	0.18
9	2939	1.59388869956	0.18
9	2955	1.60078384807	0.18
9	2964	1.6082179929	0.18
9	2971	1.61073614791	0.18
9	2979	1.61568184904	0.18
9	2982	1.6169344457	0.18
9	3014	1.63073785186	0.18
9	3017	1.6339202089	0.18
9	3046	1.64931090009	0.18
9	3048	1.64964550934	0.18
9	3062	1.65657183292	0.18
9	3099	1.67794818691	0.18
9	3144	1.70078548744	0.18
9	3146	1.70119017507	0.18
9	3150	1.70290087121	0.18
9	3164	1.71170039239	0.18
9	3170	1.71431839508	0.18
9	3185	1.72539200318	0.18
9	3193	1.72913299521	0.18
9	3252	1.76242566774	0.18
9	3304	1.79265258	0.18
9	3326	1.80671023972	0.18
9	3328	1.80778290698	0.18
9	3365	1.82546272283	0.18
9	3401	1.84143814981	0.18
9	3409	1.84644414812	0.18
9	3422	1.84954774854	0.18
9	3447	1.86260853675	0.18
9	3510	1.88692043977	0.18
9	3535	1.89788420031	0.18
9	3559	1.90739086003	0.18
9	3598	1.92388385173	0.18
9	3630	1.93560801409	0.18
9	3651	1.94310625972	0.18
9	3663	1.94961070242	0.18
9	3665	1.94963271925	0.18
9	3673	1.95412060059	0.18
9	3689	1.95940840145	0.18
9	3694	1.96191546782	0.18
9	3780	1.9952823192	0.18
9	3791	1.99762687312	0.18
9	3809	2.00178073117	0.18
9	3830	2.01162031521	0.18
9	3852	2.02064169977	0.18
9	3859	2.02311157596	0.18
9	3867	2.02654404305	0.18
9	3869	2.0270708003	0.18
9	3878	2.02923863275	0.18
9	3921	2.04614529489	0.18
9	3927	2.04769010375	0.18
9	3930	2.04913518868	0.18
9	3951	2.05707178376	0.18
9	3957	2.05996153403	0.18
9	3969	2.0634960569	0.18
9	3979	2.06820625316	0.18
9	3983	2.06867624082	0.18
9	3991	2.07602958154	0.18
9	3993	2.07614451772	0.18
9	4003	2.07935049949	0.18
9	4031	2.09332642207	0.18
9	4064	2.1096324365	0.18
9	4114	2.13702302473	0.18
9	4123	2.14343183786	0.18
9	4127	2.14529825193	0.18
9	4135	2.14802951886	0.18
9	4148	2.15677588927	0.18
9	4155	2.15894702127	0.18
9	4192	2.18	0.18
9	4195	2.18399051592	0.18
9	4255	2.22778396412	0.18
9	4298	2.2579554411	0.18
9	4347	2.28691025899	0.18
9	4388	2.31172660458	0.18
9	4410	2.32062898729	0.18
9	4431	2.33240351624	0.18
9	4467	2.35488078229	0.18
9	4472	2.35734778265	0.18
9	4502	2.3762340082	0.18
9	4506	2.37830837105	0.18
9	4522	2.38851715845	0.18
9	4587	2.43057580492	0.18
9	4629	2.45215374106	0.18
9	4643	2.46233523921	0.18
9	4646	2.46277513913	0.18
9	4650	2.46393266732	0.18
9	4680	2.47755792877	0.18
9	4703	2.49469593498	0.18
9	4705	2.49486089703	0.18
9	4728	2.50482462292	0.18
9	4745	2.52002639932	0.18
9	4769	2.53192116638	0.18
9	4790	2.54661919153	0.18
9	4800	2.55542223951	0.18
9	4814	2.55995553209	0.18
9	4905	2.61717248963	0.18
9	4940	2.6358110977	0.18
9	4957	2.64795295146	0.18
9	4975	2.65726562793	0.18
9	4977	2.65891776449	0.18
9	5013	2.67800324648	0.18
9	5015	2.67809293469	0.18
9	5028	2.6854497764	0.18
9	5038	2.69203727434	0.18
9	5074	2.71248495947	0.18
9	5079	2.71405173639	0.18
9	5086	2.71915059351	0.18
9	5103	2.72636687295	0.18
9	5148	2.75095135598	0.18
9	5173	2.76191253831	0.18
9	5178	2.76263351238	0.18
9	5192	2.76878079557	0.18
9	5256	2.79795585002	0.18
9	5265	2.80093257304	0.18
9	5274	2.80408087447	0.18
9	5279	2.80416701769	0.18
9	5283	2.81021739124	0.18
9	5293	2.81358979851	0.18
9	5297	2.81387176567	0.18
9	5303	2.81788013923	0.18
9	5317	2.82311770629	0.18
9	5319	2.82485720352	0.18
9	5368	2.84530155216	0.18
9	5379	2.85183689509	0.18
9	5397	2.85943716857	0.18
9	5466	2.88964388381	0.18
9	5475	2.89315708572	0.18
9	5484	2.89815006608	0.18
9	5505	2.90560290695	0.18
9	5514	2.91059000672	0.18
9	5525	2.9160713605	0.18
9	5527	2.9160854598	0.18
9	5581	2.94009597051	0.18
9	5585	2.9418606253	0.18
9	5594	2.94737878908	0.18
9	5650	2.97512955018	0.18
9	5655	2.97799608823	0.18
9	5668	2.98290699457	0.18
9	5675	2.98414167249	0.18
9	5680	2.99074883093	0.18
9	5729	3.01254546927	0.18
9	5750	3.02390428224	0.18
9	5780	3.03863513286	0.18
9	5802	3.05195016585	0.18
9	5809	3.05415784036	0.18
9	5811	3.05474864474	0.18
9	5883	3.09366839337	0.18
9	5890	3.09549490846	0.18
9	5905	3.10301880008	0.18
9	5975	3.14361595501	0.18
9	6005	3.15484857033	0.18
9	6057	3.18	0.18
9	6068	3.18375327934	0.18
9	6070	3.18425507753	0.18
9	6074	3.18476705016	0.18
9	6084	3.18878444708	0.18
9	6088	3.19001080617	0.18
9	6123	3.20804279457	0.18
9	6138	3.21290100781	0.18
9	6147	3.216458617	0.18
9	6217	3.24807877048	0.18
9	6238	3.25666782705	0.18
9	6328	3.29582663492	0.18
9	6359	3.30748028469	0.18
9	6407	3.32856474138	0.18
9	6410	3.33008617119	0.18
9	6416	3.33103030506	0.18
9	6431	3.33713345657	0.18
9	6441	3.34179050102	0.18
9	6461	3.3521719782	0.18
9	6493	3.36186263784	0.18
9	6518	3.37515461178	0.18
9	6555	3.39103553721	0.18
9	6564	3.39433899145	0.18
9	6569	3.39635334155	0.18
9	6616	3.41821007928	0.18
9	6649	3.43213824317	0.18
9	6677	3.44365852427	0.18
9	6681	3.44417781086	0.18
9	6689	3.44760408869	0.18
9	6701	3.45348383913	0.18
9	6703	3.45366094645	0.18
9	6727	3.46521658468	0.18
9	6741	3.47168305514	0.18
9	6818	3.50364055013	0.18
9	6820	3.50396993049	0.18
9	6855	3.51606883422	0.18
9	6859	3.51774112198	0.18
9	6865	3.52135660464	0.18
9	6877	3.52763607015	0.18
9	6911	3.54393311724	0.18
9	6914	3.54417178262	0.18
9	6930	3.54966241588	0.18
9	6999	3.57917027316	0.18
9	7018	3.58700273547	0.18
9	7030	3.58997897254	0.18
9	7034	3.59045429085	0.18
9	7096	3.61774544555	0.18
9	7100	3.61973835255	0.18
9	7113	3.62413335763	0.18
9	7153	3.64077035018	0.18
9	7175	3.6540685593	0.18
9	7204	3.66244134939	0.18
9	7248	3.68600245354	0.18
9	7325	3.72218832016	0.18
9	7327	3.72220437763	0.18
9	7358	3.73660009822	0.18
9	7394	3.75252090815	0.18
9	7396	3.75284239576	0.18
9	7414	3.76181304436	0.18
9	7437	3.77453136833	0.18
9	7447	3.77919725661	0.18
9	7471	3.78863824723	0.18
9	7475	3.79005594424	0.18
9	7491	3.79667374887	0.18
9	7499	3.80399429554	0.18
9	7521	3.80972377619	0.18
9	7534	3.81507452328	0.18
9	7574	3.83697538782	0.18
9	7576	3.83778094698	0.18
9	7591	3.84349230337	0.18
9	7620	3.86365551203	0.18
9	7657	3.87707426251	0.18
9	7680	3.88973887316	0.18
9	7693	3.89465412367	0.18
9	7699	3.89858119655	0.18
9	7707	3.90180488231	0.18
9	7718	3.90442072652	0.18
9	7735	3.91479400069	0.18
9	7741	3.91616163843	0.18
9	7758	3.92438298451	0.18
9	7775	3.92955936141	0.18
9	7814	3.94683724387	0.18
9	7839	3.9589443024	0.18
9	7855	3.96683777806	0.18
9	7877	3.97956118934	0.18
9	7905	3.99395599191	0.18
9	7933	4.00552960144	0.18
9	7941	4.0097864496	0.18
9	7946	4.01358405735	0.18
9	7978	4.02951959317	0.18
9	8019	4.05420568718	0.18
9	8029	4.059201773	0.18
9	8042	4.06517419911	0.18
9	8079	4.08786141344	0.18
9	8092	4.09538499949	0.18
9	8124	4.11461086277	0.18
9	8134	4.12339683449	0.18
9	8147	4.13013361297	0.18
9	8150	4.13104063781	0.18
9	8156	4.13638162591	0.18
9	8211	4.17451365922	0.18
9	8214	4.17692634358	0.18
9	8221	4.18	0.18
9	8282	4.22754567597	0.18
9	8313	4.25280702749	0.18
9	8342	4.26762196684	0.18
9	8355	4.28053543455	0.18
9	8362	4.28340557164	0.18
9	8378	4.29027838206	0.18
9	8439	4.33586861727	0.18
9	8441	4.33602239013	0.18
9	8446	4.34272176884	0.18
9	8448	4.3428254173	0.18
9	8465	4.35301877984	0.18
9	8468	4.35520602854	0.18
9	8503	4.37961333799	0.18
9	8528	4.39117324166	0.18
9	8557	4.41503987846	0.18
9	8566	4.41839006983	0.18
9	8591	4.43711233971	0.18
9	8615	4.45105908844	0.18
9	8654	4.4788891151	0.18
9	8718	4.51385754337	0.18
9	8746	4.53645272901	0.18
9	8761	4.54067601867	0.18
9	8778	4.55624356	0.18
9	8794	4.56828781333	0.18
9	8804	4.56985233528	0.18
9	8837	4.59749134761	0.18
9	8843	4.59869808118	0.18
9	8847	4.59937099631	0.18
9	8872	4.61584366689	0.18
9	8901	4.63337835018	0.18
9	8916	4.64343244961	0.18
9	8918	4.6454756163	0.18
9	8928	4.65066297882	0.18
9	8931	4.65186873451	0.18
9	8952	4.66900507995	0.18
9	8974	4.6780063807	0.18
9	8994	4.6901556243	0.18
9	9010	4.7004540951	0.18
9	9035	4.71222352082	0.18
9	9071	4.73176770978	0.18
9	9074	4.73211161864	0.18
9	9076	4.73323073539	0.18
9	9119	4.75978021601	0.18
9	9148	4.77098639651	0.18
9	9184	4.79039520567	0.18
9	9191	4.79189209023	0.18
9	9201	4.79678464764	0.18
9	9228	4.81180823736	0.18
9	9242	4.81977443005	0.18
9	9266	4.8290849447	0.18
9	9311	4.8507941689	0.18
9	9323	4.85511972592	0.18
9	9350	4.87130156265	0.18
9	9353	4.8721065706	0.18
9	9359	4.87569492371	0.18
9	9374	4.88109301959	0.18
9	9391	4.89199763546	0.18
9	9398	4.8936355323	0.18
9	9409	4.89817753251	0.18
9	9437	4.91024478058	0.18
9	9441	4.91150024739	0.18
9	9448	4.9147074113	0.18
9	9462	4.92404549492	0.18
9	9524	4.95415306227	0.18
9	9536	4.95902883252	0.18
9	9538	4.95906903367	0.18
9	9540	4.95908487	0.18
9	9542	4.95938154126	0.18
9	9546	4.96052520949	0.18
9	9569	4.97236031752	0.18
9	9596	4.9855071316	0.18
9	9611	4.99359376333	0.18
9	9613	4.99488473485	0.18
9	9625	4.99979416728	0.18
9	9638	5.00261321884	0.18
9	9659	5.01510762524	0.18
9	9672	5.02195413081	0.18
9	9683	5.02943821517	0.18
9	9685	5.02968853466	0.18
9	9733	5.0511745188	0.18
9	9755	5.06357829472	0.18
9	9785	5.07516883283	0.18
9	9798	5.08121258268	0.18
9	9878	5.12551367649	0.18
9	9880	5.12577940606	0.18
9	9892	5.130551712	0.18
9	9918	5.14801100097	0.18
9	9920	5.14814260443	0.18
9	9946	5.1584326984	0.18
9	9982	5.17822942718	0.18
9	9989	5.18	0.18
9	9991	5.18010726447	0.18
9	9993	5.18019928482	0.18
9	10006	5.18803069473	0.18
9	10019	5.19422778923	0.18
9	10031	5.19923520121	0.18
9	10035	5.20335109145	0.18
9	10037	5.20358338769	0.18
9	10063	5.21361474816	0.18
9	10066	5.21580755867	0.18
9	10077	5.22170903654	0.18
9	10080	5.2233296364	0.18
9	10087	5.22736204998	0.18
9	10098	5.23144756976	0.18
9	10116	5.23920110935	0.18
9	10170	5.26972126222	0.18
9	10173	5.27063751406	0.18
9	10184	5.2789675777	0.18
9	10240	5.31109302124	0.18
9	10300	5.34236266556	0.18
9	10311	5.34770599748	0.18
9	10347	5.36266918095	0.18
9	10360	5.36938219236	0.18
9	10395	5.38496686072	0.18
9	10397	5.38548136458	0.18
9	10425	5.39434221302	0.18
9	10440	5.40368438804	0.18
9	10463	5.41278002773	0.18
9	10474	5.41738858256	0.18
9	10480	5.41842615832	0.18
9	10503	5.43012967457	0.18
9	10516	5.4354334608	0.18
9	10573	5.46218391393	0.18
9	10577	5.4628003546	0.18
9	10583	5.46538024523	0.18
9	10587	5.46633597125	0.18
9	10596	5.46887172261	0.18
9	10624	5.47912623994	0.18
9	10642	5.4883724658	0.18
9	10666	5.4987014684	0.18
9	10682	5.50116958504	0.18
9	10689	5.50469026085	0.18
9	10701	5.51130581914	0.18
9	10725	5.52662232599	0.18
9	10808	5.5646601778	0.18
9	10816	5.57171055102	0.18
9	10818	5.57263956646	0.18
9	10837	5.5862882933	0.18
9	10843	5.58862877595	0.18
9	10871	5.60705090001	0.18
9	10882	5.61271778592	0.18
9	10925	5.63897251004	0.18
9	10941	5.6475174916	0.18
9	10949	5.64872882186	0.18
9	10962	5.6519712896	0.18
9	10995	5.67791390927	0.18
9	10997	5.67841421303	0.18
9	11059	5.70998012084	0.18
9	11061	5.71010869511	0.18
9	11067	5.71318916499	0.18
9	11069	5.71619666914	0.18
9	11082	5.72501368681	0.18
9	11145	5.76195093519	0.18
9	11177	5.77297220297	0.18
9	11215	5.7951997943	0.18
9	11237	5.80661066783	0.18
9	11247	5.8140661655	0.18
9	11268	5.82449278571	0.18
9	11271	5.82535397391	0.18
9	11282	5.82874182376	0.18
9	11296	5.84374616318	0.18
9	11315	5.85252812312	0.18
9	11324	5.85667500245	0.18
9	11337	5.86031725017	0.18
9	11339	5.86081145845	0.18
9	11363	5.88127460595	0.18
9	11375	5.88688527317	0.18
9	11382	5.88860201581	0.18
9	11391	5.89161901358	0.18
9	11398	5.90250760828	0.18
9	11402	5.90460339015	0.18
9	11429	5.91732957835	0.18
9	11434	5.91870321846	0.18
9	11472	5.94628468211	0.18
9	11474	5.94633223634	0.18
9	11482	5.949945522	0.18
9	11513	5.97167485778	0.18
9	11628	6.03124520989	0.18
9	11649	6.0454887873	0.18
9	11670	6.05451875421	0.18
9	11685	6.0605247327	0.18
9	11698	6.06785428098	0.18
9	11727	6.08116220979	0.18
9	11762	6.09762244819	0.18
9	11775	6.10205256	0.18
9	11780	6.10597434632	0.18
9	11788	6.10735756244	0.18
9	11836	6.12807214831	0.18
9	11841	6.13141162817	0.18
9	11858	6.13837249608	0.18
9	11898	6.1542560908	0.18
9	11900	6.15445324114	0.18
9	11944	6.17440555892	0.18
9	11947	6.17653219503	0.18
9	11954	6.18	0.18
9	11964	6.18417648477	0.18
9	11970	6.18655545805	0.18
9	11976	6.18878901792	0.18
9	11987	6.19413454201	0.18
9	11995	6.19885388183	0.18
9	12044	6.22643249111	0.18
9	12070	6.2429913924	0.18
9	12102	6.26248254378	0.18
9	12106	6.26326457941	0.18
9	12141	6.27996169609	0.18
9	12191	6.30690525727	0.18
9	12242	6.33260324984	0.18
9	12255	6.33710357627	0.18
9	12274	6.34205820741	0.18
9	12277	6.34358630697	0.18
9	12302	6.36096964332	0.18
9	12338	6.37053773144	0.18
9	12382	6.39255189141	0.18
9	12395	6.39705372397	0.18
9	12403	6.39852126669	0.18
9	12424	6.40876627677	0.18
9	12491	6.43522646623	0.18
9	12496	6.43862977784	0.18
9	12518	6.44905376545	0.18
9	12530	6.45214678512	0.18
9	12533	6.45272532336	0.18
9	12552	6.45810651577	0.18
9	12577	6.46876923464	0.18
9	12596	6.47748630175	0.18
9	12598	6.47847342741	0.18
9	12672	6.50303277103	0.18
9	12688	6.50909780056	0.18
9	12700	6.51226382145	0.18
9	12703	6.51312582027	0.18
9	12726	6.51990736062	0.18
9	12761	6.53505627359	0.18
9	12775	6.53996713892	0.18
9	12789	6.54364685855	0.18
9	12792	6.54468212633	0.18
9	12796	6.54774452269	0.18
9	12812	6.55206319813	0.18
9	12826	6.55705766413	0.18
9	12835	6.5627431827	0.18
9	12852	6.5687302252	0.18
9	12854	6.5696757826	0.18
9	12894	6.58349809208	0.18
9	12945	6.60778072222	0.18
9	12955	6.61139881072	0.18
9	13038	6.64822235864	0.18
9	13055	6.6561813297	0.18
9	13085	6.67171427964	0.18
9	13092	6.67392166968	0.18
9	13128	6.69006668525	0.18
9	13169	6.70703920908	0.18
9	13176	6.71163732023	0.18
9	13208	6.72799127279	0.18
9	13210	6.72822105173	0.18
9	13221	6.73659109776	0.18
9	13243	6.7483223045	0.18
9	13312	6.79690983959	0.18
9	13323	6.80245448658	0.18
9	13345	6.8157525852	0.18
9	13368	6.82935664933	0.18
9	13370	6.82956601451	0.18
9	13388	6.83809361491	0.18
9	13425	6.86190671062	0.18
9	13432	6.86564452649	0.18
9	13444	6.87119240712	0.18
9	13452	6.87795437854	0.18
9	13470	6.89155388076	0.18
9	13475	6.89355502664	0.18
9	13484	6.8962077903	0.18
9	13488	6.89934358281	0.18
9	13522	6.92598436337	0.18
9	13537	6.93971246641	0.18
9	13542	6.94391494653	0.18
9	13566	6.95765083724	0.18
9	13622	6.99595616026	0.18
9	13636	7.00067855894	0.18
9	13646	7.00609734834	0.18
9	13701	7.03439208982	0.18
9	13733	7.04747446222	0.18
9	13782	7.07108946712	0.18
9	13788	7.07415332899	0.18
9	13861	7.1071045661	0.18
9	13877	7.11551653245	0.18
9	13908	7.12877744409	0.18
9	13952	7.14633027845	0.18
9	13961	7.14762349475	0.18
9	14027	7.17612537082	0.18
9	14032	7.17669507811	0.18
9	14041	7.18	0.18
9	14051	7.18359991321	0.18
9	14065	7.19034580815	0.18
9	14077	7.19455373948	0.18
9	14097	7.2043655842	0.18
9	14129	7.2124345192	0.18
9	14134	7.21423235857	0.18
9	14138	7.21789348137	0.18
9	14154	7.22263000799	0.18
9	14172	7.23252865878	0.18
9	14223	7.25306394512	0.18
9	14228	7.25616379582	0.18
9	14238	7.26116073449	0.18
9	14243	7.26415347936	0.18
9	14293	7.28904008587	0.18
9	14327	7.30098154078	0.18
9	14340	7.30870034558	0.18
9	14352	7.31521472334	0.18
9	14359	7.31942911883	0.18
9	14375	7.3258438144	0.18
9	14380	7.32663258681	0.18
9	14445	7.35562163398	0.18
9	14490	7.37565393875	0.18
9	14520	7.38866934232	0.18
9	14535	7.39682678292	0.18
9	14567	7.40980517521	0.18
9	14577	7.41406880219	0.18
9	14588	7.419652832	0.18
9	14609	7.42834902228	0.18
9	14624	7.43683632304	0.18
9	14643	7.444369227	0.18
9	14657	7.45380164245	0.18
9	14659	7.45398710728	0.18
9	14677	7.46064820132	0.18
9	14682	7.46417110802	0.18
9	14684	7.46498260509	0.18
9	14694	7.47075280472	0.18
9	14697	7.47129235447	0.18
9	14725	7.48670353876	0.18
9	14757	7.49945144106	0.18
9	14775	7.50715974548	0.18
9	14800	7.51793327003	0.18
9	14812	7.52177954581	0.18
9	14847	7.54200338221	0.18
9	14921	7.5781206412	0.18
9	14926	7.57928670349	0.18
9	14945	7.59127195225	0.18
9	14972	7.60350740158	0.18
9	15044	7.6369445934	0.18
9	15057	7.64146968103	0.18
9	15078	7.65171898994	0.18
9	15082	7.65447843651	0.18
9	15119	7.67293281636	0.18
9	15121	7.67370134497	0.18
9	15134	7.68144707576	0.18
9	15150	7.69115071186	0.18
9	15152	7.6916816077	0.18
9	15186	7.71123122923	0.18
9	15199	7.71853627652	0.18
9	15201	7.71944347582	0.18
9	15246	7.74579409912	0.18
9	15256	7.75029229613	0.18
9	15276	7.76167320902	0.18
9	15289	7.76957075288	0.18
9	15317	7.78476883963	0.18
9	15324	7.78911172736	0.18
9	15371	7.81176548684	0.18
9	15377	7.81633370043	0.18
9	15392	7.82404867577	0.18
9	15398	7.8290218385	0.18
9	15413	7.83808719962	0.18
9	15448	7.85656369662	0.18
9	15474	7.87063868949	0.18
9	15493	7.88650417009	0.18
9	15554	7.92101243078	0.18
9	15589	7.94213535311	0.18
9	15591	7.94289611827	0.18
9	15611	7.95636832545	0.18
9	15623	7.96427979463	0.18
9	15632	7.96763159898	0.18
9	15653	7.97916138158	0.18
9	15662	7.98745464542	0.18
9	15674	7.99567610998	0.18
9	15756	8.04392502906	0.18
9	15774	8.05740933091	0.18
9	15794	8.06671339395	0.18
9	15800	8.07137866923	0.18
9	15802	8.07193391904	0.18
9	15814	8.07972886021	0.18
9	15830	8.08958893754	0.18
9	15836	8.09144706813	0.18
9	15894	8.12211341221	0.18
9	15935	8.14926287669	0.18
9	15940	8.15026117509	0.18
9	15971	8.16787140817	0.18
9	15981	8.17283541437	0.18
9	15998	8.18	0.18
9	16010	8.18514101901	0.18
9	16023	8.19358017295	0.18
9	16032	8.19768884782	0.18
9	16039	8.1992382027	0.18
9	16055	8.20604059631	0.18
9	16069	8.21119716098	0.18
9	16103	8.22780754691	0.18
9	16114	8.23257856747	0.18
9	16118	8.23539975279	0.18
9	16197	8.27277284506	0.18
9	16210	8.28104710083	0.18
9	16216	8.28398067487	0.18
9	16225	8.28981557613	0.18
9	16236	8.29607957798	0.18
9	16257	8.30392039844	0.18
9	16263	8.30566179251	0.18
9	16281	8.31380929433	0.18
9	16323	8.3328728983	0.18
9	16340	8.33886527938	0.18
9	16368	8.35088724495	0.18
9	16370	8.35133552443	0.18
9	16381	8.35607436429	0.18
9	16422	8.37506907486	0.18
9	16453	8.39205944669	0.18
9	16469	8.39860594705	0.18
9	16473	8.3998780833	0.18
9	16475	8.40101234798	0.18
9	16505	8.41760921311	0.18
9	16507	8.41952217594	0.18
9	16562	8.44743566183	0.18
9	16570	8.45227327691	0.18
9	16641	8.48314194694	0.18
9	16644	8.48491027647	0.18
9	16649	8.48562869661	0.18
9	16652	8.48587704563	0.18
9	16656	8.4863048337	0.18
9	16669	8.49292902435	0.18
9	16719	8.51506307979	0.18
9	16724	8.51627386642	0.18
9	16731	8.51914273989	0.18
9	16751	8.52759779333	0.18
9	16763	8.53484487443	0.18
9	16765	8.53530972348	0.18
9	16770	8.53747348244	0.18
9	16849	8.57505264411	0.18
9	16870	8.58587903986	0.18
9	16915	8.60801224439	0.18
9	16945	8.62089102231	0.18
9	16982	8.63963062264	0.18
9	17012	8.64974427014	0.18
9	17014	8.65028972483	0.18
9	17025	8.6542571809	0.18
9	17033	8.66016844851	0.18
9	17091	8.68169777664	0.18
9	17107	8.68967428783	0.18
9	17112	8.69048629704	0.18
9	17137	8.70555065829	0.18
9	17144	8.70660288886	0.18
9	17172	8.71575317572	0.18
9	17175	8.71787335771	0.18
9	17217	8.73628351616	0.18
9	17224	8.73744988067	0.18
9	17229	8.73907778284	0.18
9	17242	8.74404993788	0.18
9	17284	8.76527786102	0.18
9	17308	8.77090327895	0.18
9	17339	8.78510323149	0.18
9	17343	8.78784446385	0.18
9	17355	8.79471650902	0.18
9	17395	8.80504843939	0.18
9	17402	8.80961809099	0.18
9	17415	8.81444336811	0.18
9	17429	8.82438466716	0.18
9	17433	8.82478360085	0.18
9	17446	8.82739885382	0.18
9	17450	8.82870874237	0.18
9	17466	8.83257066504	0.18
9	17505	8.85107403111	0.18
9	17515	8.8552687047	0.18
9	17532	8.85871642344	0.18
9	17541	8.86173757695	0.18
9	17558	8.86814356422	0.18
9	17563	8.86988018267	0.18
9	17567	8.87071184397	0.18
9	17628	8.89744033596	0.18
9	17641	8.90143976731	0.18
9	17643	8.90238143965	0.18
9	17659	8.91282127607	0.18
9	17673	8.91653643948	0.18
9	17687	8.92213950638	0.18
9	17700	8.92845711823	0.18
9	17706	8.93062402757	0.18
9	17734	8.94365415077	0.18
9	17764	8.95448740867	0.18
9	17786	8.96671002327	0.18
9	17794	8.96915251099	0.18
9	17817	8.97815287617	0.18
9	17894	9.00964795241	0.18
9	17901	9.01260702093	0.18
9	17951	9.0388934426	0.18
9	17982	9.05722325476	0.18
9	17995	9.06232564475	0.18
9	17997	9.06291735578	0.18
9	18022	9.07488481614	0.18
9	18046	9.08788444659	0.18
9	18107	9.11747474466	0.18
9	18163	9.14401232665	0.18
9	18166	9.14518127063	0.18
9	18182	9.15513965619	0.18
9	18188	9.15697839868	0.18
9	18191	9.15856050368	0.18
9	18199	9.15936425944	0.18
9	18206	9.16238210389	0.18
9	18216	9.16969947961	0.18
9	18229	9.18	0.18
9	18298	9.21583878524	0.18
9	18304	9.21883012514	0.18
9	18317	9.22596292772	0.18
9	18359	9.25202697977	0.18
9	18372	9.26213839139	0.18
9	18392	9.27553808713	0.18
9	18394	9.27559353724	0.18
9	18472	9.31492908959	0.18
9	18475	9.3159477315	0.18
9	18487	9.32831667777	0.18
9	18492	9.33029671613	0.18
9	18501	9.33492893522	0.18
9	18520	9.34112303088	0.18
9	18524	9.3421121515	0.18
9	18554	9.36284796789	0.18
9	18606	9.39411586578	0.18
9	18692	9.44008521201	0.18
9	18708	9.45124317091	0.18
9	18724	9.45678451428	0.18
9	18727	9.4575447658	0.18
9	18731	9.46208251701	0.18
9	18746	9.46727492149	0.18
9	18795	9.4951400326	0.18
9	18827	9.51146292812	0.18
9	18838	9.51587994167	0.18
9	18840	9.5164708125	0.18
9	18843	9.51684721156	0.18
9	18856	9.52541511692	0.18
9	18858	9.52579887796	0.18
9	18876	9.53627233064	0.18
9	18885	9.5416254094	0.18
9	18924	9.56099773251	0.18
9	18930	9.56434923781	0.18
9	18939	9.56821733518	0.18
9	18966	9.58264048233	0.18
9	18974	9.58594672014	0.18
9	18980	9.58738411153	0.18
9	18997	9.59468323355	0.18
9	19012	9.60474270185	0.18
9	19032	9.61527302146	0.18
9	19107	9.64997295912	0.18
9	19164	9.67668236924	0.18
9	19180	9.68195691232	0.18
9	19182	9.68310682998	0.18
9	19192	9.6859796239	0.18
9	19198	9.68779827839	0.18
9	19217	9.69850167316	0.18
9	19221	9.69944784912	0.18
9	19245	9.7077327511	0.18
9	19342	9.75307870581	0.18
9	19345	9.75352926464	0.18
9	19355	9.76138136918	0.18
9	19372	9.76711754535	0.18
9	19389	9.77371731897	0.18
9	19393	9.7753092999	0.18
9	19422	9.79513157554	0.18
9	19443	9.80064849569	0.18
9	19498	9.82768428465	0.18
9	19533	9.83955052827	0.18
9	19549	9.84979453294	0.18
9	19561	9.85514059649	0.18
9	19565	9.85709179531	0.18
9	19572	9.85797209191	0.18
9	19590	9.86681157208	0.18
9	19592	9.86732168641	0.18
9	19613	9.87919030636	0.18
9	19625	9.88240207271	0.18
9	19628	9.88437603763	0.18
9	19645	9.8895650535	0.18
9	19685	9.91043722857	0.18
9	19689	9.91197450577	0.18
9	19742	9.93326095217	0.18
9	19770	9.94854081339	0.18
9	19775	9.95013489373	0.18
9	19783	9.95444758077	0.18
9	19793	9.95755986627	0.18
9	19801	9.96102417975	0.18
9	19830	9.97535283174	0.18
9	19842	9.97855865814	0.18
9	19852	9.98519152217	0.18
9	19859	9.98740923569	0.18
9	19873	9.99108774259	0.18
9	19875	9.99224671222	0.18
9	19935	10.01766308616	0.18
9	19958	10.02999176255	0.18
9	19987	10.04612678372	0.18
9	19998	10.05067714227	0.18
9	20006	10.05587333361	0.18
9	20026	10.0663936488	0.18
9	20045	10.08024495193	0.18
9	20060	10.08718908264	0.18
9	20071	10.09581021558	0.18
9	20107	10.11563000138	0.18
9	20129	10.13095038408	0.18
9	20131	10.13167594111	0.18
9	20143	10.14033233077	0.18
9	20154	10.14744727967	0.18
9	20158	10.15052543447	0.18
9	20160	10.15188817943	0.18
9	20162	10.15240306808	0.18

