version 2
run simpleNet-0-20181118-18:35:04-1824
attr configname simpleNet
attr datetime 20181118-18:35:04
attr experiment simpleNet
attr inifile omnetpp.ini
attr iterationvars ""
attr iterationvarsf ""
attr measurement ""
attr network simpleNet
attr processid 1824
attr repetition 0
attr replication #0
attr resultdir results
attr runnumber 0
attr seedset 0

vector 0 simpleNet.node[0] numInQueue:vector ETV
attr interpolationmode none
attr source numInQueue
attr title "total num in queue, vector"
vector 1 simpleNet.node[0] numProcessed:vector ETV
attr interpolationmode none
attr source numProcessed
attr title "num processing events in statRate time, vector"
vector 2 simpleNet.node[1] numInQueue:vector ETV
attr interpolationmode none
attr source numInQueue
attr title "total num in queue, vector"
vector 3 simpleNet.node[1] numProcessed:vector ETV
attr interpolationmode none
attr source numProcessed
attr title "num processing events in statRate time, vector"
vector 4 simpleNet.node[2] numInQueue:vector ETV
attr interpolationmode none
attr source numInQueue
attr title "total num in queue, vector"
vector 5 simpleNet.node[2] numProcessed:vector ETV
attr interpolationmode none
attr source numProcessed
attr title "num processing events in statRate time, vector"
vector 6 simpleNet.node[3] numInQueue:vector ETV
attr interpolationmode none
attr source numInQueue
attr title "total num in queue, vector"
vector 7 simpleNet.node[3] numProcessed:vector ETV
attr interpolationmode none
attr source numProcessed
attr title "num processing events in statRate time, vector"
vector 8 simpleNet.node[4] numInQueue:vector ETV
attr interpolationmode none
attr source numInQueue
attr title "total num in queue, vector"
vector 9 simpleNet.node[4] numProcessed:vector ETV
attr interpolationmode none
attr source numProcessed
attr title "num processing events in statRate time, vector"
vector 10 simpleNet.node[0] completionTime:vector ETV
attr interpolationmode none
attr source completionTime
attr title "completionTime, vector"
vector 11 simpleNet.node[1] completionTime:vector ETV
attr interpolationmode none
attr source completionTime
attr title "completionTime, vector"
vector 12 simpleNet.node[2] completionTime:vector ETV
attr interpolationmode none
attr source completionTime
attr title "completionTime, vector"
vector 13 simpleNet.node[3] completionTime:vector ETV
attr interpolationmode none
attr source completionTime
attr title "completionTime, vector"
vector 14 simpleNet.node[4] completionTime:vector ETV
attr interpolationmode none
attr source completionTime
attr title "completionTime, vector"
0	3	0	0
0	2380	0.5	0
0	4193	1	2
0	5502	1.5	102
0	6757	2	202
0	8012	2.5	302
0	9267	3	402
0	10522	3.5	502
0	11777	4	602
0	13032	4.5	702
0	14287	5	802
0	15542	5.5	902
0	16797	6	1002
0	18052	6.5	1102
0	19307	7	1202
0	20562	7.5	1302
0	21817	8	1402
0	23072	8.5	1502
0	24327	9	1602
0	25582	9.5	1702
0	26829	10	1800
0	26906	10.5	1800
1	3	0	0
1	2380	0.5	170
1	4193	1	118
1	5502	1.5	12
1	6757	2	0
1	8012	2.5	0
1	9267	3	0
1	10522	3.5	0
1	11777	4	0
1	13032	4.5	0
1	14287	5	0
1	15542	5.5	0
1	16797	6	0
1	18052	6.5	0
1	19307	7	0
1	20562	7.5	0
1	21817	8	0
1	23072	8.5	0
1	24327	9	0
1	25582	9.5	0
1	26829	10	0
1	26906	10.5	0
2	5	0	0
2	2381	0.5	1
2	4194	1	101
2	5503	1.5	201
2	6758	2	301
2	8013	2.5	401
2	9268	3	501
2	10523	3.5	601
2	11778	4	701
2	13033	4.5	801
2	14288	5	901
2	15543	5.5	1001
2	16798	6	1101
2	18053	6.5	1201
2	19308	7	1301
2	20563	7.5	1401
2	21818	8	1501
2	23073	8.5	1601
2	24328	9	1701
2	25583	9.5	1801
2	26830	10	1900
2	26907	10.5	1900
3	5	0	0
3	2381	0.5	170
3	4194	1	112
3	5503	1.5	18
3	6758	2	0
3	8013	2.5	0
3	9268	3	0
3	10523	3.5	0
3	11778	4	0
3	13033	4.5	0
3	14288	5	0
3	15543	5.5	0
3	16798	6	0
3	18053	6.5	0
3	19308	7	0
3	20563	7.5	0
3	21818	8	0
3	23073	8.5	0
3	24328	9	0
3	25583	9.5	0
3	26830	10	0
3	26907	10.5	0
4	8	0	0
4	2382	0.5	0
4	4195	1	1
4	5504	1.5	51
4	6759	2	101
4	8014	2.5	151
4	9269	3	201
4	10524	3.5	251
4	11779	4	301
4	13034	4.5	351
4	14289	5	401
4	15544	5.5	451
4	16799	6	501
4	18054	6.5	551
4	19309	7	601
4	20564	7.5	651
4	21819	8	701
4	23074	8.5	751
4	24329	9	801
4	25584	9.5	851
4	26831	10	900
4	26908	10.5	900
5	8	0	0
5	2382	0.5	296
5	4195	1	268
5	5504	1.5	206
5	6759	2	200
5	8014	2.5	200
5	9269	3	200
5	10524	3.5	200
5	11779	4	200
5	13034	4.5	200
5	14289	5	200
5	15544	5.5	200
5	16799	6	200
5	18054	6.5	200
5	19309	7	200
5	20564	7.5	200
5	21819	8	200
5	23074	8.5	200
5	24329	9	200
5	25584	9.5	200
5	26831	10	200
5	26908	10.5	30
6	11	0	0
6	2383	0.5	2
6	4196	1	202
6	5505	1.5	402
6	6760	2	602
6	8015	2.5	802
6	9270	3	1002
6	10525	3.5	1202
6	11780	4	1402
6	13035	4.5	1602
6	14290	5	1802
6	15545	5.5	2002
6	16800	6	2202
6	18055	6.5	2402
6	19310	7	2602
6	20565	7.5	2802
6	21820	8	3002
6	23075	8.5	3202
6	24330	9	3402
6	25585	9.5	3602
6	26832	10	3800
6	26909	10.5	3800
7	11	0	0
7	2383	0.5	258
7	4196	1	42
7	5505	1.5	0
7	6760	2	0
7	8015	2.5	0
7	9270	3	0
7	10525	3.5	0
7	11780	4	0
7	13035	4.5	0
7	14290	5	0
7	15545	5.5	0
7	16800	6	0
7	18055	6.5	0
7	19310	7	0
7	20565	7.5	0
7	21820	8	0
7	23075	8.5	0
7	24330	9	0
7	25585	9.5	0
7	26832	10	0
7	26909	10.5	0
8	13	0	0
8	2384	0.5	0
8	4197	1	0
8	5506	1.5	0
8	6761	2	0
8	8016	2.5	0
8	9271	3	0
8	10526	3.5	0
8	11781	4	0
8	13036	4.5	0
8	14291	5	0
8	15546	5.5	0
8	16801	6	0
8	18056	6.5	0
8	19311	7	0
8	20566	7.5	0
8	21821	8	0
8	23076	8.5	0
8	24331	9	0
8	25586	9.5	0
8	26833	10	0
8	26910	10.5	0
9	13	0	0
9	2384	0.5	211
9	4197	1	250
9	5506	1.5	209
9	6761	2	200
9	8016	2.5	200
9	9271	3	200
9	10526	3.5	200
9	11781	4	200
9	13036	4.5	200
9	14291	5	200
9	15546	5.5	200
9	16801	6	200
9	18056	6.5	200
9	19311	7	200
9	20566	7.5	200
9	21821	8	200
9	23076	8.5	200
9	24331	9	200
9	25586	9.5	200
9	26833	10	200
9	26910	10.5	30
10	139	0.06	60
10	140	0.06	60
10	178	0.07	60
10	179	0.07	60
10	217	0.08	60
10	218	0.08	60
10	256	0.09	60
10	257	0.09	60
10	308	0.1	60
10	309	0.1	60
10	360	0.11	60
10	361	0.11	60
10	412	0.12	60
10	413	0.12	60
10	464	0.13	60
10	465	0.13	60
10	516	0.14	60
10	517	0.14	60
10	568	0.15	60
10	569	0.15	60
10	620	0.16	60
10	621	0.16	60
10	672	0.17	60
10	673	0.17	60
10	724	0.18	60
10	725	0.18	60
10	776	0.19	60
10	777	0.19	60
10	828	0.2	60
10	829	0.2	60
10	880	0.21	60
10	881	0.21	60
10	932	0.22	60
10	933	0.22	60
10	984	0.23	60
10	985	0.23	60
10	1036	0.24	60
10	1037	0.24	60
10	1088	0.25	60
10	1089	0.25	60
10	1140	0.26	60
10	1141	0.26	60
10	1192	0.27	60
10	1193	0.27	60
10	1244	0.28	60
10	1245	0.28	60
10	1296	0.29	60
10	1297	0.29	60
10	1348	0.3	60
10	1349	0.3	60
10	1400	0.31	60
10	1401	0.31	60
10	1452	0.32	60
10	1453	0.32	60
10	1504	0.33	60
10	1505	0.33	60
10	1556	0.34	60
10	1557	0.34	60
10	1608	0.35	60
10	1609	0.35	60
10	1660	0.36	60
10	1661	0.36	60
10	1712	0.37	60
10	1713	0.37	60
10	1764	0.38	60
10	1765	0.38	60
10	1816	0.39	60
10	1817	0.39	60
10	1868	0.4	60
10	1869	0.4	60
10	1920	0.41	60
10	1921	0.41	60
10	1972	0.42	60
10	1973	0.42	60
10	2024	0.43	60
10	2025	0.43	60
10	2076	0.44	60
10	2077	0.44	60
10	2128	0.45	60
10	2129	0.45	60
10	2180	0.46	60
10	2181	0.46	60
10	2232	0.47	60
10	2233	0.47	60
10	2284	0.48	60
10	2285	0.48	60
10	2336	0.49	60
10	2337	0.49	60
10	2393	0.5	60
10	2394	0.5	60
10	2445	0.51	60
10	2446	0.51	60
10	2497	0.52	60
10	2498	0.52	60
10	2546	0.53	60
10	2547	0.53	60
10	2592	0.54	60
10	2593	0.54	60
10	2638	0.55	60
10	2639	0.55	60
10	2684	0.56	60
10	2685	0.56	60
10	2724	0.57	60
10	2725	0.57	60
10	2764	0.58	60
10	2765	0.58	60
10	2804	0.59	60
10	2805	0.59	60
10	2838	0.6	60
10	2839	0.6	60
10	2872	0.61	60
10	2873	0.61	60
10	2906	0.62	60
10	2907	0.62	60
10	2940	0.63	60
10	2941	0.63	60
10	2974	0.64	60
10	2975	0.64	60
10	3008	0.65	60
10	3009	0.65	60
10	3042	0.66	60
10	3043	0.66	60
10	3076	0.67	60
10	3077	0.67	60
10	3110	0.68	60
10	3111	0.68	60
10	3144	0.69	60
10	3145	0.69	60
10	3178	0.7	60
10	3179	0.7	60
10	3212	0.71	60
10	3213	0.71	60
10	3246	0.72	60
10	3247	0.72	60
10	3280	0.73	60
10	3281	0.73	60
10	3314	0.74	60
10	3315	0.74	60
10	3348	0.75	60
10	3349	0.75	60
10	3382	0.76	60
10	3383	0.76	60
10	3416	0.77	60
10	3417	0.77	60
10	3450	0.78	60
10	3451	0.78	60
10	3484	0.79	60
10	3485	0.79	60
10	3518	0.8	60
10	3519	0.8	60
10	3552	0.81	60
10	3553	0.81	60
10	3586	0.82	60
10	3587	0.82	60
10	3620	0.83	60
10	3621	0.83	60
10	3654	0.84	60
10	3655	0.84	60
10	3688	0.85	60
10	3689	0.85	60
10	3722	0.86	60
10	3723	0.86	60
10	3756	0.87	60
10	3757	0.87	60
10	3790	0.88	60
10	3791	0.88	60
10	3824	0.89	60
10	3825	0.89	60
10	3858	0.9	60
10	3859	0.9	60
10	3892	0.91	60
10	3893	0.91	60
10	3926	0.92	60
10	3927	0.92	60
10	3960	0.93	60
10	3961	0.93	60
10	3994	0.94	60
10	3995	0.94	60
10	4028	0.95	60
10	4029	0.95	60
10	4062	0.96	60
10	4063	0.96	60
10	4096	0.97	60
10	4097	0.97	60
10	4130	0.98	60
10	4131	0.98	60
10	4164	0.99	60
10	4165	0.99	60
10	4203	1	60
10	4204	1	60
10	4237	1.01	60
10	4238	1.01	60
10	4271	1.02	60
10	4272	1.02	60
10	4302	1.03	60
10	4303	1.03	60
10	4333	1.04	60
10	4334	1.04	60
10	4364	1.05	60
10	4365	1.05	60
11	141	0.06	60
11	157	0.065	60
11	180	0.07	60
11	196	0.075	60
11	219	0.08	60
11	235	0.085	60
11	258	0.09	60
11	282	0.095	60
11	310	0.1	60
11	334	0.105	60
11	362	0.11	60
11	386	0.115	60
11	414	0.12	60
11	438	0.125	60
11	466	0.13	60
11	490	0.135	60
11	518	0.14	60
11	542	0.145	60
11	570	0.15	60
11	594	0.155	60
11	622	0.16	60
11	646	0.165	60
11	674	0.17	60
11	698	0.175	60
11	726	0.18	60
11	750	0.185	60
11	778	0.19	60
11	802	0.195	60
11	830	0.2	60
11	854	0.205	60
11	882	0.21	60
11	906	0.215	60
11	934	0.22	60
11	958	0.225	60
11	986	0.23	60
11	1010	0.235	60
11	1038	0.24	60
11	1062	0.245	60
11	1090	0.25	60
11	1114	0.255	60
11	1142	0.26	60
11	1166	0.265	60
11	1194	0.27	60
11	1218	0.275	60
11	1246	0.28	60
11	1270	0.285	60
11	1298	0.29	60
11	1322	0.295	60
11	1350	0.3	60
11	1374	0.305	60
11	1402	0.31	60
11	1426	0.315	60
11	1454	0.32	60
11	1478	0.325	60
11	1506	0.33	60
11	1530	0.335	60
11	1558	0.34	60
11	1582	0.345	60
11	1610	0.35	60
11	1634	0.355	60
11	1662	0.36	60
11	1686	0.365	60
11	1714	0.37	60
11	1738	0.375	60
11	1766	0.38	60
11	1790	0.385	60
11	1818	0.39	60
11	1842	0.395	60
11	1870	0.4	60
11	1894	0.405	60
11	1922	0.41	60
11	1946	0.415	60
11	1974	0.42	60
11	1998	0.425	60
11	2026	0.43	60
11	2050	0.435	60
11	2078	0.44	60
11	2102	0.445	60
11	2130	0.45	60
11	2154	0.455	60
11	2182	0.46	60
11	2206	0.465	60
11	2234	0.47	60
11	2258	0.475	60
11	2286	0.48	60
11	2310	0.485	60
11	2338	0.49	60
11	2362	0.495	60
11	2395	0.5	60
11	2419	0.505	60
11	2447	0.51	60
11	2471	0.515	60
11	2499	0.52	60
11	2523	0.525	60
11	2548	0.53	60
11	2569	0.535	60
11	2594	0.54	60
11	2615	0.545	60
11	2640	0.55	60
11	2661	0.555	60
12	142	0.06	60
12	143	0.06	60
12	158	0.065	60
12	181	0.07	60
12	182	0.07	60
12	197	0.075	60
12	220	0.08	60
12	221	0.08	60
12	236	0.085	60
12	259	0.09	60
12	260	0.09	60
12	283	0.095	60
12	311	0.1	60
12	312	0.1	60
12	335	0.105	60
12	363	0.11	60
12	364	0.11	60
12	387	0.115	60
12	415	0.12	60
12	416	0.12	60
12	439	0.125	60
12	467	0.13	60
12	468	0.13	60
12	491	0.135	60
12	519	0.14	60
12	520	0.14	60
12	543	0.145	60
12	571	0.15	60
12	572	0.15	60
12	595	0.155	60
12	623	0.16	60
12	624	0.16	60
12	647	0.165	60
12	675	0.17	60
12	676	0.17	60
12	699	0.175	60
12	727	0.18	60
12	728	0.18	60
12	751	0.185	60
12	779	0.19	60
12	780	0.19	60
12	803	0.195	60
12	831	0.2	60
12	832	0.2	60
12	855	0.205	60
12	883	0.21	60
12	884	0.21	60
12	907	0.215	60
12	935	0.22	60
12	936	0.22	60
12	959	0.225	60
12	987	0.23	60
12	988	0.23	60
12	1011	0.235	60
12	1039	0.24	60
12	1040	0.24	60
12	1063	0.245	60
12	1091	0.25	60
12	1092	0.25	60
12	1115	0.255	60
12	1143	0.26	60
12	1144	0.26	60
12	1167	0.265	60
12	1195	0.27	60
12	1196	0.27	60
12	1219	0.275	60
12	1247	0.28	60
12	1248	0.28	60
12	1271	0.285	60
12	1299	0.29	60
12	1300	0.29	60
12	1323	0.295	60
12	1351	0.3	60
12	1352	0.3	60
12	1375	0.305	60
12	1403	0.31	60
12	1404	0.31	60
12	1427	0.315	60
12	1455	0.32	60
12	1456	0.32	60
12	1479	0.325	60
12	1507	0.33	60
12	1508	0.33	60
12	1531	0.335	60
12	1559	0.34	60
12	1560	0.34	60
12	1583	0.345	60
12	1611	0.35	60
12	1612	0.35	60
12	1635	0.355	60
12	1663	0.36	60
12	1664	0.36	60
12	1687	0.365	60
12	1715	0.37	60
12	1716	0.37	60
12	1739	0.375	60
12	1767	0.38	60
12	1768	0.38	60
12	1791	0.385	60
12	1819	0.39	60
12	1820	0.39	60
12	1843	0.395	60
12	1871	0.4	60
12	1872	0.4	60
12	1895	0.405	60
12	1923	0.41	60
12	1924	0.41	60
12	1947	0.415	60
12	1975	0.42	60
12	1976	0.42	60
12	1999	0.425	60
12	2027	0.43	60
12	2028	0.43	60
12	2051	0.435	60
12	2079	0.44	60
12	2080	0.44	60
12	2103	0.445	60
12	2131	0.45	60
12	2132	0.45	60
12	2155	0.455	60
12	2183	0.46	60
12	2184	0.46	60
12	2207	0.465	60
12	2235	0.47	60
12	2236	0.47	60
12	2259	0.475	60
12	2287	0.48	60
12	2288	0.48	60
12	2311	0.485	60
12	2339	0.49	60
12	2340	0.49	60
12	2363	0.495	60
12	2396	0.5	60
12	2397	0.5	60
12	2420	0.505	60
12	2448	0.51	60
12	2449	0.51	60
12	2472	0.515	60
12	2500	0.52	60
12	2501	0.52	60
12	2524	0.525	60
12	2549	0.53	60
12	2550	0.53	60
12	2570	0.535	60
12	2595	0.54	60
12	2596	0.54	60
12	2616	0.545	60
12	2641	0.55	60
12	2642	0.55	60
12	2662	0.555	60
12	2686	0.56	60
12	2687	0.56	60
12	2704	0.565	60
12	2726	0.57	60
12	2727	0.57	60
12	2744	0.575	60
12	2766	0.58	60
12	2767	0.58	60
12	2784	0.585	60
12	2806	0.59	60
12	2807	0.59	60
12	2821	0.595	60
12	2840	0.6	60
12	2841	0.6	60
12	2855	0.605	60
12	2874	0.61	60
12	2875	0.61	60
12	2889	0.615	60
12	2908	0.62	60
12	2909	0.62	60
12	2923	0.625	60
12	2942	0.63	60
12	2943	0.63	60
12	2957	0.635	60
12	2976	0.64	60
12	2977	0.64	60
12	2991	0.645	60
12	3010	0.65	60
12	3011	0.65	60
12	3025	0.655	60
12	3044	0.66	60
12	3045	0.66	60
12	3059	0.665	60
12	3078	0.67	60
12	3079	0.67	60
12	3093	0.675	60
12	3112	0.68	60
12	3113	0.68	60
12	3127	0.685	60
12	3146	0.69	60
12	3147	0.69	60
12	3161	0.695	60
12	3180	0.7	60
12	3181	0.7	60
12	3195	0.705	60
12	3214	0.71	60
12	3215	0.71	60
12	3229	0.715	60
12	3248	0.72	60
12	3249	0.72	60
12	3263	0.725	60
12	3282	0.73	60
12	3283	0.73	60
12	3297	0.735	60
12	3316	0.74	60
12	3317	0.74	60
12	3331	0.745	60
12	3350	0.75	60
12	3351	0.75	60
12	3365	0.755	60
12	3384	0.76	60
12	3385	0.76	60
12	3399	0.765	60
12	3418	0.77	60
12	3419	0.77	60
12	3433	0.775	60
12	3452	0.78	60
12	3453	0.78	60
12	3467	0.785	60
12	3486	0.79	60
12	3487	0.79	60
12	3501	0.795	60
12	3520	0.8	60
12	3521	0.8	60
12	3535	0.805	60
12	3554	0.81	60
12	3555	0.81	60
12	3569	0.815	60
12	3588	0.82	60
12	3589	0.82	60
12	3603	0.825	60
12	3622	0.83	60
12	3623	0.83	60
12	3637	0.835	60
12	3656	0.84	60
12	3657	0.84	60
12	3671	0.845	60
12	3690	0.85	60
12	3691	0.85	60
12	3705	0.855	60
12	3724	0.86	60
12	3725	0.86	60
12	3739	0.865	60
12	3758	0.87	60
12	3759	0.87	60
12	3773	0.875	60
12	3792	0.88	60
12	3793	0.88	60
12	3807	0.885	60
12	3826	0.89	60
12	3827	0.89	60
12	3841	0.895	60
12	3860	0.9	60
12	3861	0.9	60
12	3875	0.905	60
12	3894	0.91	60
12	3895	0.91	60
12	3909	0.915	60
12	3928	0.92	60
12	3929	0.92	60
12	3943	0.925	60
12	3962	0.93	60
12	3963	0.93	60
12	3977	0.935	60
12	3996	0.94	60
12	3997	0.94	60
12	4011	0.945	60
12	4030	0.95	60
12	4031	0.95	60
12	4045	0.955	60
12	4064	0.96	60
12	4065	0.96	60
12	4079	0.965	60
12	4098	0.97	60
12	4099	0.97	60
12	4113	0.975	60
12	4132	0.98	60
12	4133	0.98	60
12	4147	0.985	60
12	4166	0.99	60
12	4167	0.99	60
12	4181	0.995	60
12	4205	1	60
12	4206	1	60
12	4220	1.005	60
12	4239	1.01	60
12	4240	1.01	60
12	4254	1.015	60
12	4273	1.02	60
12	4274	1.02	60
12	4288	1.025	60
12	4304	1.03	60
12	4305	1.03	60
12	4319	1.035	60
12	4335	1.04	60
12	4336	1.04	60
12	4350	1.045	60
12	4366	1.05	60
12	4367	1.05	60
12	4381	1.055	60
12	4395	1.06	60
12	4409	1.065	60
12	4423	1.07	60
12	4437	1.075	60
12	4451	1.08	60
12	4465	1.085	60
12	4479	1.09	60
12	4490	1.095	60
12	4504	1.1	60
12	4515	1.105	60
12	4529	1.11	60
12	4540	1.115	60
12	4554	1.12	60
12	4565	1.125	60
12	4579	1.13	60
12	4590	1.135	60
12	4604	1.14	60
12	4615	1.145	60
12	4629	1.15	60
12	4640	1.155	60
12	4654	1.16	60
12	4665	1.165	60
12	4679	1.17	60
12	4690	1.175	60
12	4704	1.18	60
12	4715	1.185	60
12	4729	1.19	60
12	4740	1.195	60
12	4754	1.2	60
12	4765	1.205	60
12	4779	1.21	60
12	4790	1.215	60
12	4804	1.22	60
12	4815	1.225	60
12	4829	1.23	60
12	4840	1.235	60
12	4854	1.24	60
12	4865	1.245	60
12	4879	1.25	60
12	4890	1.255	60
12	4904	1.26	60
12	4915	1.265	60
12	4929	1.27	60
12	4940	1.275	60
12	4954	1.28	60
12	4965	1.285	60
12	4979	1.29	60
12	4990	1.295	60
12	5004	1.3	60
12	5015	1.305	60
12	5029	1.31	60
12	5040	1.315	60
12	5054	1.32	60
12	5065	1.325	60
12	5079	1.33	60
12	5090	1.335	60
12	5104	1.34	60
12	5115	1.345	60
12	5129	1.35	60
12	5140	1.355	60
12	5154	1.36	60
12	5165	1.365	60
12	5179	1.37	60
12	5190	1.375	60
12	5204	1.38	60
12	5215	1.385	60
12	5229	1.39	60
12	5240	1.395	60
12	5254	1.4	60
12	5265	1.405	60
12	5279	1.41	60
12	5290	1.415	60
12	5304	1.42	60
12	5315	1.425	60
12	5329	1.43	60
12	5340	1.435	60
12	5354	1.44	60
12	5365	1.445	60
12	5379	1.45	60
12	5390	1.455	60
12	5404	1.46	60
12	5415	1.465	60
12	5429	1.47	60
12	5440	1.475	60
12	5454	1.48	60
12	5465	1.485	60
12	5479	1.49	60
12	5490	1.495	60
12	5509	1.5	60
12	5520	1.505	60
12	5534	1.51	60
12	5545	1.515	60
12	5559	1.52	60
12	5570	1.525	60
12	5584	1.53	60
12	5595	1.535	60
12	5609	1.54	60
12	5620	1.545	60
12	5634	1.55	60
12	5645	1.555	60
12	5659	1.56	60
12	5670	1.565	60
12	5684	1.57	60
12	5695	1.575	60
12	5709	1.58	60
12	5720	1.585	60
12	5734	1.59	60
12	5745	1.595	60
12	5759	1.6	60
12	5770	1.605	60
12	5784	1.61	60
12	5795	1.615	60
12	5809	1.62	60
12	5820	1.625	60
12	5834	1.63	60
12	5845	1.635	60
12	5859	1.64	60
12	5870	1.645	60
12	5884	1.65	60
12	5895	1.655	60
12	5909	1.66	60
12	5920	1.665	60
12	5934	1.67	60
12	5945	1.675	60
12	5959	1.68	60
12	5970	1.685	60
12	5984	1.69	60
12	5995	1.695	60
12	6009	1.7	60
12	6020	1.705	60
12	6034	1.71	60
12	6045	1.715	60
12	6059	1.72	60
12	6070	1.725	60
12	6084	1.73	60
12	6095	1.735	60
12	6109	1.74	60
12	6120	1.745	60
12	6134	1.75	60
12	6145	1.755	60
12	6159	1.76	60
12	6170	1.765	60
12	6184	1.77	60
12	6195	1.775	60
12	6209	1.78	60
12	6220	1.785	60
12	6234	1.79	60
12	6245	1.795	60
12	6259	1.8	60
12	6270	1.805	60
12	6284	1.81	60
12	6295	1.815	60
12	6309	1.82	60
12	6320	1.825	60
12	6334	1.83	60
12	6345	1.835	60
12	6359	1.84	60
12	6370	1.845	60
12	6384	1.85	60
12	6395	1.855	60
12	6409	1.86	60
12	6420	1.865	60
12	6434	1.87	60
12	6445	1.875	60
12	6459	1.88	60
12	6470	1.885	60
12	6484	1.89	60
12	6495	1.895	60
12	6509	1.9	60
12	6520	1.905	60
12	6534	1.91	60
12	6545	1.915	60
12	6559	1.92	60
12	6570	1.925	60
12	6584	1.93	60
12	6595	1.935	60
12	6609	1.94	60
12	6620	1.945	60
12	6634	1.95	60
12	6645	1.955	60
12	6659	1.96	60
12	6670	1.965	60
12	6684	1.97	60
12	6695	1.975	60
12	6709	1.98	60
12	6720	1.985	60
12	6734	1.99	60
12	6745	1.995	60
12	6764	2	60
12	6775	2.005	60
12	6789	2.01	60
12	6800	2.015	60
12	6814	2.02	60
12	6825	2.025	60
12	6839	2.03	60
12	6850	2.035	60
12	6864	2.04	60
12	6875	2.045	60
12	6889	2.05	60
12	6900	2.055	60
12	6914	2.06	60
12	6925	2.065	60
12	6939	2.07	60
12	6950	2.075	60
12	6964	2.08	60
12	6975	2.085	60
12	6989	2.09	60
12	7000	2.095	60
12	7014	2.1	60
12	7025	2.105	60
12	7039	2.11	60
12	7050	2.115	60
12	7064	2.12	60
12	7075	2.125	60
12	7089	2.13	60
12	7100	2.135	60
12	7114	2.14	60
12	7125	2.145	60
12	7139	2.15	60
12	7150	2.155	60
12	7164	2.16	60
12	7175	2.165	60
12	7189	2.17	60
12	7200	2.175	60
12	7214	2.18	60
12	7225	2.185	60
12	7239	2.19	60
12	7250	2.195	60
12	7264	2.2	60
12	7275	2.205	60
12	7289	2.21	60
12	7300	2.215	60
12	7314	2.22	60
12	7325	2.225	60
12	7339	2.23	60
12	7350	2.235	60
12	7364	2.24	60
12	7375	2.245	60
12	7389	2.25	60
12	7400	2.255	60
12	7414	2.26	60
12	7425	2.265	60
12	7439	2.27	60
12	7450	2.275	60
12	7464	2.28	60
12	7475	2.285	60
12	7489	2.29	60
12	7500	2.295	60
12	7514	2.3	60
12	7525	2.305	60
12	7539	2.31	60
12	7550	2.315	60
12	7564	2.32	60
12	7575	2.325	60
12	7589	2.33	60
12	7600	2.335	60
12	7614	2.34	60
12	7625	2.345	60
12	7639	2.35	60
12	7650	2.355	60
12	7664	2.36	60
12	7675	2.365	60
12	7689	2.37	60
12	7700	2.375	60
12	7714	2.38	60
12	7725	2.385	60
12	7739	2.39	60
12	7750	2.395	60
12	7764	2.4	60
12	7775	2.405	60
12	7789	2.41	60
12	7800	2.415	60
12	7814	2.42	60
12	7825	2.425	60
12	7839	2.43	60
12	7850	2.435	60
12	7864	2.44	60
12	7875	2.445	60
12	7889	2.45	60
12	7900	2.455	60
12	7914	2.46	60
12	7925	2.465	60
12	7939	2.47	60
12	7950	2.475	60
12	7964	2.48	60
12	7975	2.485	60
12	7989	2.49	60
12	8000	2.495	60
12	8019	2.5	60
12	8030	2.505	60
12	8044	2.51	60
12	8055	2.515	60
12	8069	2.52	60
12	8080	2.525	60
12	8094	2.53	60
12	8105	2.535	60
12	8119	2.54	60
12	8130	2.545	60
12	8144	2.55	60
12	8155	2.555	60
12	8169	2.56	60
12	8180	2.565	60
12	8194	2.57	60
12	8205	2.575	60
12	8219	2.58	60
12	8230	2.585	60
12	8244	2.59	60
12	8255	2.595	60
12	8269	2.6	60
12	8280	2.605	60
12	8294	2.61	60
12	8305	2.615	60
12	8319	2.62	60
12	8330	2.625	60
12	8344	2.63	60
12	8355	2.635	60
12	8369	2.64	60
12	8380	2.645	60
12	8394	2.65	60
12	8405	2.655	60
12	8419	2.66	60
12	8430	2.665	60
12	8444	2.67	60
12	8455	2.675	60
12	8469	2.68	60
12	8480	2.685	60
12	8494	2.69	60
12	8505	2.695	60
12	8519	2.7	60
12	8530	2.705	60
12	8544	2.71	60
12	8555	2.715	60
12	8569	2.72	60
12	8580	2.725	60
12	8594	2.73	60
12	8605	2.735	60
12	8619	2.74	60
12	8630	2.745	60
12	8644	2.75	60
12	8655	2.755	60
12	8669	2.76	60
12	8680	2.765	60
12	8694	2.77	60
12	8705	2.775	60
12	8719	2.78	60
12	8730	2.785	60
12	8744	2.79	60
12	8755	2.795	60
12	8769	2.8	60
12	8780	2.805	60
12	8794	2.81	60
12	8805	2.815	60
12	8819	2.82	60
12	8830	2.825	60
12	8844	2.83	60
12	8855	2.835	60
12	8869	2.84	60
12	8880	2.845	60
12	8894	2.85	60
12	8905	2.855	60
12	8919	2.86	60
12	8930	2.865	60
12	8944	2.87	60
12	8955	2.875	60
12	8969	2.88	60
12	8980	2.885	60
12	8994	2.89	60
12	9005	2.895	60
12	9019	2.9	60
12	9030	2.905	60
12	9044	2.91	60
12	9055	2.915	60
12	9069	2.92	60
12	9080	2.925	60
12	9094	2.93	60
12	9105	2.935	60
12	9119	2.94	60
12	9130	2.945	60
12	9144	2.95	60
12	9155	2.955	60
12	9169	2.96	60
12	9180	2.965	60
12	9194	2.97	60
12	9205	2.975	60
12	9219	2.98	60
12	9230	2.985	60
12	9244	2.99	60
12	9255	2.995	60
12	9274	3	60
12	9285	3.005	60
12	9299	3.01	60
12	9310	3.015	60
12	9324	3.02	60
12	9335	3.025	60
12	9349	3.03	60
12	9360	3.035	60
12	9374	3.04	60
12	9385	3.045	60
12	9399	3.05	60
12	9410	3.055	60
12	9424	3.06	60
12	9435	3.065	60
12	9449	3.07	60
12	9460	3.075	60
12	9474	3.08	60
12	9485	3.085	60
12	9499	3.09	60
12	9510	3.095	60
12	9524	3.1	60
12	9535	3.105	60
12	9549	3.11	60
12	9560	3.115	60
12	9574	3.12	60
12	9585	3.125	60
12	9599	3.13	60
12	9610	3.135	60
12	9624	3.14	60
12	9635	3.145	60
12	9649	3.15	60
12	9660	3.155	60
12	9674	3.16	60
12	9685	3.165	60
12	9699	3.17	60
12	9710	3.175	60
12	9724	3.18	60
12	9735	3.185	60
12	9749	3.19	60
12	9760	3.195	60
12	9774	3.2	60
12	9785	3.205	60
12	9799	3.21	60
12	9810	3.215	60
12	9824	3.22	60
12	9835	3.225	60
12	9849	3.23	60
12	9860	3.235	60
12	9874	3.24	60
12	9885	3.245	60
12	9899	3.25	60
12	9910	3.255	60
12	9924	3.26	60
12	9935	3.265	60
12	9949	3.27	60
12	9960	3.275	60
12	9974	3.28	60
12	9985	3.285	60
12	9999	3.29	60
12	10010	3.295	60
12	10024	3.3	60
12	10035	3.305	60
12	10049	3.31	60
12	10060	3.315	60
12	10074	3.32	60
12	10085	3.325	60
12	10099	3.33	60
12	10110	3.335	60
12	10124	3.34	60
12	10135	3.345	60
12	10149	3.35	60
12	10160	3.355	60
12	10174	3.36	60
12	10185	3.365	60
12	10199	3.37	60
12	10210	3.375	60
12	10224	3.38	60
12	10235	3.385	60
12	10249	3.39	60
12	10260	3.395	60
12	10274	3.4	60
12	10285	3.405	60
12	10299	3.41	60
12	10310	3.415	60
12	10324	3.42	60
12	10335	3.425	60
12	10349	3.43	60
12	10360	3.435	60
12	10374	3.44	60
12	10385	3.445	60
12	10399	3.45	60
12	10410	3.455	60
12	10424	3.46	60
12	10435	3.465	60
12	10449	3.47	60
12	10460	3.475	60
12	10474	3.48	60
12	10485	3.485	60
12	10499	3.49	60
12	10510	3.495	60
12	10529	3.5	60
12	10540	3.505	60
12	10554	3.51	60
12	10565	3.515	60
12	10579	3.52	60
12	10590	3.525	60
12	10604	3.53	60
12	10615	3.535	60
12	10629	3.54	60
12	10640	3.545	60
12	10654	3.55	60
12	10665	3.555	60
12	10679	3.56	60
12	10690	3.565	60
12	10704	3.57	60
12	10715	3.575	60
12	10729	3.58	60
12	10740	3.585	60
12	10754	3.59	60
12	10765	3.595	60
12	10779	3.6	60
12	10790	3.605	60
12	10804	3.61	60
12	10815	3.615	60
12	10829	3.62	60
12	10840	3.625	60
12	10854	3.63	60
12	10865	3.635	60
12	10879	3.64	60
12	10890	3.645	60
12	10904	3.65	60
12	10915	3.655	60
12	10929	3.66	60
12	10940	3.665	60
12	10954	3.67	60
12	10965	3.675	60
12	10979	3.68	60
12	10990	3.685	60
12	11004	3.69	60
12	11015	3.695	60
12	11029	3.7	60
12	11040	3.705	60
12	11054	3.71	60
12	11065	3.715	60
12	11079	3.72	60
12	11090	3.725	60
12	11104	3.73	60
12	11115	3.735	60
12	11129	3.74	60
12	11140	3.745	60
12	11154	3.75	60
12	11165	3.755	60
12	11179	3.76	60
12	11190	3.765	60
12	11204	3.77	60
12	11215	3.775	60
12	11229	3.78	60
12	11240	3.785	60
12	11254	3.79	60
12	11265	3.795	60
12	11279	3.8	60
12	11290	3.805	60
12	11304	3.81	60
12	11315	3.815	60
12	11329	3.82	60
12	11340	3.825	60
12	11354	3.83	60
12	11365	3.835	60
12	11379	3.84	60
12	11390	3.845	60
12	11404	3.85	60
12	11415	3.855	60
12	11429	3.86	60
12	11440	3.865	60
12	11454	3.87	60
12	11465	3.875	60
12	11479	3.88	60
12	11490	3.885	60
12	11504	3.89	60
12	11515	3.895	60
12	11529	3.9	60
12	11540	3.905	60
12	11554	3.91	60
12	11565	3.915	60
12	11579	3.92	60
12	11590	3.925	60
12	11604	3.93	60
12	11615	3.935	60
12	11629	3.94	60
12	11640	3.945	60
12	11654	3.95	60
12	11665	3.955	60
12	11679	3.96	60
12	11690	3.965	60
12	11704	3.97	60
12	11715	3.975	60
12	11729	3.98	60
12	11740	3.985	60
12	11754	3.99	60
12	11765	3.995	60
12	11784	4	60
12	11795	4.005	60
12	11809	4.01	60
12	11820	4.015	60
12	11834	4.02	60
12	11845	4.025	60
12	11859	4.03	60
12	11870	4.035	60
12	11884	4.04	60
12	11895	4.045	60
12	11909	4.05	60
12	11920	4.055	60
12	11934	4.06	60
12	11945	4.065	60
12	11959	4.07	60
12	11970	4.075	60
12	11984	4.08	60
12	11995	4.085	60
12	12009	4.09	60
12	12020	4.095	60
12	12034	4.1	60
12	12045	4.105	60
12	12059	4.11	60
12	12070	4.115	60
12	12084	4.12	60
12	12095	4.125	60
12	12109	4.13	60
12	12120	4.135	60
12	12134	4.14	60
12	12145	4.145	60
12	12159	4.15	60
12	12170	4.155	60
12	12184	4.16	60
12	12195	4.165	60
12	12209	4.17	60
12	12220	4.175	60
12	12234	4.18	60
12	12245	4.185	60
12	12259	4.19	60
12	12270	4.195	60
12	12284	4.2	60
12	12295	4.205	60
12	12309	4.21	60
12	12320	4.215	60
12	12334	4.22	60
12	12345	4.225	60
12	12359	4.23	60
12	12370	4.235	60
12	12384	4.24	60
12	12395	4.245	60
12	12409	4.25	60
12	12420	4.255	60
12	12434	4.26	60
12	12445	4.265	60
12	12459	4.27	60
12	12470	4.275	60
12	12484	4.28	60
12	12495	4.285	60
12	12509	4.29	60
12	12520	4.295	60
12	12534	4.3	60
12	12545	4.305	60
12	12559	4.31	60
12	12570	4.315	60
12	12584	4.32	60
12	12595	4.325	60
12	12609	4.33	60
12	12620	4.335	60
12	12634	4.34	60
12	12645	4.345	60
12	12659	4.35	60
12	12670	4.355	60
12	12684	4.36	60
12	12695	4.365	60
12	12709	4.37	60
12	12720	4.375	60
12	12734	4.38	60
12	12745	4.385	60
12	12759	4.39	60
12	12770	4.395	60
12	12784	4.4	60
12	12795	4.405	60
12	12809	4.41	60
12	12820	4.415	60
12	12834	4.42	60
12	12845	4.425	60
12	12859	4.43	60
12	12870	4.435	60
12	12884	4.44	60
12	12895	4.445	60
12	12909	4.45	60
12	12920	4.455	60
12	12934	4.46	60
12	12945	4.465	60
12	12959	4.47	60
12	12970	4.475	60
12	12984	4.48	60
12	12995	4.485	60
12	13009	4.49	60
12	13020	4.495	60
12	13039	4.5	60
12	13050	4.505	60
12	13064	4.51	60
12	13075	4.515	60
12	13089	4.52	60
12	13100	4.525	60
12	13114	4.53	60
12	13125	4.535	60
12	13139	4.54	60
12	13150	4.545	60
12	13164	4.55	60
12	13175	4.555	60
12	13189	4.56	60
12	13200	4.565	60
12	13214	4.57	60
12	13225	4.575	60
12	13239	4.58	60
12	13250	4.585	60
12	13264	4.59	60
12	13275	4.595	60
12	13289	4.6	60
12	13300	4.605	60
12	13314	4.61	60
12	13325	4.615	60
12	13339	4.62	60
12	13350	4.625	60
12	13364	4.63	60
12	13375	4.635	60
12	13389	4.64	60
12	13400	4.645	60
12	13414	4.65	60
12	13425	4.655	60
12	13439	4.66	60
12	13450	4.665	60
12	13464	4.67	60
12	13475	4.675	60
12	13489	4.68	60
12	13500	4.685	60
12	13514	4.69	60
12	13525	4.695	60
12	13539	4.7	60
12	13550	4.705	60
12	13564	4.71	60
12	13575	4.715	60
12	13589	4.72	60
12	13600	4.725	60
12	13614	4.73	60
12	13625	4.735	60
12	13639	4.74	60
12	13650	4.745	60
12	13664	4.75	60
12	13675	4.755	60
12	13689	4.76	60
12	13700	4.765	60
12	13714	4.77	60
12	13725	4.775	60
12	13739	4.78	60
12	13750	4.785	60
12	13764	4.79	60
12	13775	4.795	60
12	13789	4.8	60
12	13800	4.805	60
12	13814	4.81	60
12	13825	4.815	60
12	13839	4.82	60
12	13850	4.825	60
12	13864	4.83	60
12	13875	4.835	60
12	13889	4.84	60
12	13900	4.845	60
12	13914	4.85	60
12	13925	4.855	60
12	13939	4.86	60
12	13950	4.865	60
12	13964	4.87	60
12	13975	4.875	60
12	13989	4.88	60
12	14000	4.885	60
12	14014	4.89	60
12	14025	4.895	60
12	14039	4.9	60
12	14050	4.905	60
12	14064	4.91	60
12	14075	4.915	60
12	14089	4.92	60
12	14100	4.925	60
12	14114	4.93	60
12	14125	4.935	60
12	14139	4.94	60
12	14150	4.945	60
12	14164	4.95	60
12	14175	4.955	60
12	14189	4.96	60
12	14200	4.965	60
12	14214	4.97	60
12	14225	4.975	60
12	14239	4.98	60
12	14250	4.985	60
12	14264	4.99	60
12	14275	4.995	60
12	14294	5	60
12	14305	5.005	60
12	14319	5.01	60
12	14330	5.015	60
12	14344	5.02	60
12	14355	5.025	60
12	14369	5.03	60
12	14380	5.035	60
12	14394	5.04	60
12	14405	5.045	60
12	14419	5.05	60
12	14430	5.055	60
12	14444	5.06	60
12	14455	5.065	60
12	14469	5.07	60
12	14480	5.075	60
12	14494	5.08	60
12	14505	5.085	60
12	14519	5.09	60
12	14530	5.095	60
12	14544	5.1	60
12	14555	5.105	60
12	14569	5.11	60
12	14580	5.115	60
12	14594	5.12	60
12	14605	5.125	60
12	14619	5.13	60
12	14630	5.135	60
12	14644	5.14	60
12	14655	5.145	60
12	14669	5.15	60
12	14680	5.155	60
12	14694	5.16	60
12	14705	5.165	60
12	14719	5.17	60
12	14730	5.175	60
12	14744	5.18	60
12	14755	5.185	60
12	14769	5.19	60
12	14780	5.195	60
12	14794	5.2	60
12	14805	5.205	60
12	14819	5.21	60
12	14830	5.215	60
12	14844	5.22	60
12	14855	5.225	60
12	14869	5.23	60
12	14880	5.235	60
12	14894	5.24	60
12	14905	5.245	60
12	14919	5.25	60
12	14930	5.255	60
12	14944	5.26	60
12	14955	5.265	60
12	14969	5.27	60
12	14980	5.275	60
12	14994	5.28	60
12	15005	5.285	60
12	15019	5.29	60
12	15030	5.295	60
12	15044	5.3	60
12	15055	5.305	60
12	15069	5.31	60
12	15080	5.315	60
12	15094	5.32	60
12	15105	5.325	60
12	15119	5.33	60
12	15130	5.335	60
12	15144	5.34	60
12	15155	5.345	60
12	15169	5.35	60
12	15180	5.355	60
12	15194	5.36	60
12	15205	5.365	60
12	15219	5.37	60
12	15230	5.375	60
12	15244	5.38	60
12	15255	5.385	60
12	15269	5.39	60
12	15280	5.395	60
12	15294	5.4	60
12	15305	5.405	60
12	15319	5.41	60
12	15330	5.415	60
12	15344	5.42	60
12	15355	5.425	60
12	15369	5.43	60
12	15380	5.435	60
12	15394	5.44	60
12	15405	5.445	60
12	15419	5.45	60
12	15430	5.455	60
12	15444	5.46	60
12	15455	5.465	60
12	15469	5.47	60
12	15480	5.475	60
12	15494	5.48	60
12	15505	5.485	60
12	15519	5.49	60
12	15530	5.495	60
12	15549	5.5	60
12	15560	5.505	60
12	15574	5.51	60
12	15585	5.515	60
12	15599	5.52	60
12	15610	5.525	60
12	15624	5.53	60
12	15635	5.535	60
12	15649	5.54	60
12	15660	5.545	60
12	15674	5.55	60
12	15685	5.555	60
12	15699	5.56	60
12	15710	5.565	60
12	15724	5.57	60
12	15735	5.575	60
12	15749	5.58	60
12	15760	5.585	60
12	15774	5.59	60
12	15785	5.595	60
12	15799	5.6	60
12	15810	5.605	60
12	15824	5.61	60
12	15835	5.615	60
12	15849	5.62	60
12	15860	5.625	60
12	15874	5.63	60
12	15885	5.635	60
12	15899	5.64	60
12	15910	5.645	60
12	15924	5.65	60
12	15935	5.655	60
12	15949	5.66	60
12	15960	5.665	60
12	15974	5.67	60
12	15985	5.675	60
12	15999	5.68	60
12	16010	5.685	60
12	16024	5.69	60
12	16035	5.695	60
12	16049	5.7	60
12	16060	5.705	60
12	16074	5.71	60
12	16085	5.715	60
12	16099	5.72	60
12	16110	5.725	60
12	16124	5.73	60
12	16135	5.735	60
12	16149	5.74	60
12	16160	5.745	60
12	16174	5.75	60
12	16185	5.755	60
12	16199	5.76	60
12	16210	5.765	60
12	16224	5.77	60
12	16235	5.775	60
12	16249	5.78	60
12	16260	5.785	60
12	16274	5.79	60
12	16285	5.795	60
12	16299	5.8	60
12	16310	5.805	60
12	16324	5.81	60
12	16335	5.815	60
12	16349	5.82	60
12	16360	5.825	60
12	16374	5.83	60
12	16385	5.835	60
12	16399	5.84	60
12	16410	5.845	60
12	16424	5.85	60
12	16435	5.855	60
12	16449	5.86	60
12	16460	5.865	60
12	16474	5.87	60
12	16485	5.875	60
12	16499	5.88	60
12	16510	5.885	60
12	16524	5.89	60
12	16535	5.895	60
12	16549	5.9	60
12	16560	5.905	60
12	16574	5.91	60
12	16585	5.915	60
12	16599	5.92	60
12	16610	5.925	60
12	16624	5.93	60
12	16635	5.935	60
12	16649	5.94	60
12	16660	5.945	60
12	16674	5.95	60
12	16685	5.955	60
12	16699	5.96	60
12	16710	5.965	60
12	16724	5.97	60
12	16735	5.975	60
12	16749	5.98	60
12	16760	5.985	60
12	16774	5.99	60
12	16785	5.995	60
12	16804	6	60
12	16815	6.005	60
12	16829	6.01	60
12	16840	6.015	60
12	16854	6.02	60
12	16865	6.025	60
12	16879	6.03	60
12	16890	6.035	60
12	16904	6.04	60
12	16915	6.045	60
12	16929	6.05	60
12	16940	6.055	60
12	16954	6.06	60
12	16965	6.065	60
12	16979	6.07	60
12	16990	6.075	60
12	17004	6.08	60
12	17015	6.085	60
12	17029	6.09	60
12	17040	6.095	60
12	17054	6.1	60
12	17065	6.105	60
12	17079	6.11	60
12	17090	6.115	60
12	17104	6.12	60
12	17115	6.125	60
12	17129	6.13	60
12	17140	6.135	60
12	17154	6.14	60
12	17165	6.145	60
12	17179	6.15	60
12	17190	6.155	60
12	17204	6.16	60
12	17215	6.165	60
12	17229	6.17	60
12	17240	6.175	60
12	17254	6.18	60
12	17265	6.185	60
12	17279	6.19	60
12	17290	6.195	60
12	17304	6.2	60
12	17315	6.205	60
12	17329	6.21	60
12	17340	6.215	60
12	17354	6.22	60
12	17365	6.225	60
12	17379	6.23	60
12	17390	6.235	60
12	17404	6.24	60
12	17415	6.245	60
12	17429	6.25	60
12	17440	6.255	60
12	17454	6.26	60
12	17465	6.265	60
12	17479	6.27	60
12	17490	6.275	60
12	17504	6.28	60
12	17515	6.285	60
12	17529	6.29	60
12	17540	6.295	60
12	17554	6.3	60
12	17565	6.305	60
12	17579	6.31	60
12	17590	6.315	60
12	17604	6.32	60
12	17615	6.325	60
12	17629	6.33	60
12	17640	6.335	60
12	17654	6.34	60
12	17665	6.345	60
12	17679	6.35	60
12	17690	6.355	60
12	17704	6.36	60
12	17715	6.365	60
12	17729	6.37	60
12	17740	6.375	60
12	17754	6.38	60
12	17765	6.385	60
12	17779	6.39	60
12	17790	6.395	60
12	17804	6.4	60
12	17815	6.405	60
12	17829	6.41	60
12	17840	6.415	60
12	17854	6.42	60
12	17865	6.425	60
12	17879	6.43	60
12	17890	6.435	60
12	17904	6.44	60
12	17915	6.445	60
12	17929	6.45	60
12	17940	6.455	60
12	17954	6.46	60
12	17965	6.465	60
12	17979	6.47	60
12	17990	6.475	60
12	18004	6.48	60
12	18015	6.485	60
12	18029	6.49	60
12	18040	6.495	60
12	18059	6.5	60
12	18070	6.505	60
12	18084	6.51	60
12	18095	6.515	60
12	18109	6.52	60
12	18120	6.525	60
12	18134	6.53	60
12	18145	6.535	60
12	18159	6.54	60
12	18170	6.545	60
12	18184	6.55	60
12	18195	6.555	60
12	18209	6.56	60
12	18220	6.565	60
12	18234	6.57	60
12	18245	6.575	60
12	18259	6.58	60
12	18270	6.585	60
12	18284	6.59	60
12	18295	6.595	60
12	18309	6.6	60
12	18320	6.605	60
12	18334	6.61	60
12	18345	6.615	60
12	18359	6.62	60
12	18370	6.625	60
12	18384	6.63	60
12	18395	6.635	60
12	18409	6.64	60
12	18420	6.645	60
12	18434	6.65	60
12	18445	6.655	60
12	18459	6.66	60
12	18470	6.665	60
12	18484	6.67	60
12	18495	6.675	60
12	18509	6.68	60
12	18520	6.685	60
12	18534	6.69	60
12	18545	6.695	60
12	18559	6.7	60
12	18570	6.705	60
12	18584	6.71	60
12	18595	6.715	60
12	18609	6.72	60
12	18620	6.725	60
12	18634	6.73	60
12	18645	6.735	60
12	18659	6.74	60
12	18670	6.745	60
12	18684	6.75	60
12	18695	6.755	60
12	18709	6.76	60
12	18720	6.765	60
12	18734	6.77	60
12	18745	6.775	60
12	18759	6.78	60
12	18770	6.785	60
12	18784	6.79	60
12	18795	6.795	60
12	18809	6.8	60
12	18820	6.805	60
12	18834	6.81	60
12	18845	6.815	60
12	18859	6.82	60
12	18870	6.825	60
12	18884	6.83	60
12	18895	6.835	60
12	18909	6.84	60
12	18920	6.845	60
12	18934	6.85	60
12	18945	6.855	60
12	18959	6.86	60
12	18970	6.865	60
12	18984	6.87	60
12	18995	6.875	60
12	19009	6.88	60
12	19020	6.885	60
12	19034	6.89	60
12	19045	6.895	60
12	19059	6.9	60
12	19070	6.905	60
12	19084	6.91	60
12	19095	6.915	60
12	19109	6.92	60
12	19120	6.925	60
12	19134	6.93	60
12	19145	6.935	60
12	19159	6.94	60
12	19170	6.945	60
12	19184	6.95	60
12	19195	6.955	60
12	19209	6.96	60
12	19220	6.965	60
12	19234	6.97	60
12	19245	6.975	60
12	19259	6.98	60
12	19270	6.985	60
12	19284	6.99	60
12	19295	6.995	60
12	19314	7	60
12	19325	7.005	60
12	19339	7.01	60
12	19350	7.015	60
12	19364	7.02	60
12	19375	7.025	60
12	19389	7.03	60
12	19400	7.035	60
12	19414	7.04	60
12	19425	7.045	60
12	19439	7.05	60
12	19450	7.055	60
12	19464	7.06	60
12	19475	7.065	60
12	19489	7.07	60
12	19500	7.075	60
12	19514	7.08	60
12	19525	7.085	60
12	19539	7.09	60
12	19550	7.095	60
12	19564	7.1	60
12	19575	7.105	60
12	19589	7.11	60
12	19600	7.115	60
12	19614	7.12	60
12	19625	7.125	60
12	19639	7.13	60
12	19650	7.135	60
12	19664	7.14	60
12	19675	7.145	60
12	19689	7.15	60
12	19700	7.155	60
12	19714	7.16	60
12	19725	7.165	60
12	19739	7.17	60
12	19750	7.175	60
12	19764	7.18	60
12	19775	7.185	60
12	19789	7.19	60
12	19800	7.195	60
12	19814	7.2	60
12	19825	7.205	60
12	19839	7.21	60
12	19850	7.215	60
12	19864	7.22	60
12	19875	7.225	60
12	19889	7.23	60
12	19900	7.235	60
12	19914	7.24	60
12	19925	7.245	60
12	19939	7.25	60
12	19950	7.255	60
12	19964	7.26	60
12	19975	7.265	60
12	19989	7.27	60
12	20000	7.275	60
12	20014	7.28	60
12	20025	7.285	60
12	20039	7.29	60
12	20050	7.295	60
12	20064	7.3	60
12	20075	7.305	60
12	20089	7.31	60
12	20100	7.315	60
12	20114	7.32	60
12	20125	7.325	60
12	20139	7.33	60
12	20150	7.335	60
12	20164	7.34	60
12	20175	7.345	60
12	20189	7.35	60
12	20200	7.355	60
12	20214	7.36	60
12	20225	7.365	60
12	20239	7.37	60
12	20250	7.375	60
12	20264	7.38	60
12	20275	7.385	60
12	20289	7.39	60
12	20300	7.395	60
12	20314	7.4	60
12	20325	7.405	60
12	20339	7.41	60
12	20350	7.415	60
12	20364	7.42	60
12	20375	7.425	60
12	20389	7.43	60
12	20400	7.435	60
12	20414	7.44	60
12	20425	7.445	60
12	20439	7.45	60
12	20450	7.455	60
12	20464	7.46	60
12	20475	7.465	60
12	20489	7.47	60
12	20500	7.475	60
12	20514	7.48	60
12	20525	7.485	60
12	20539	7.49	60
12	20550	7.495	60
12	20569	7.5	60
12	20580	7.505	60
12	20594	7.51	60
12	20605	7.515	60
12	20619	7.52	60
12	20630	7.525	60
12	20644	7.53	60
12	20655	7.535	60
12	20669	7.54	60
12	20680	7.545	60
12	20694	7.55	60
12	20705	7.555	60
12	20719	7.56	60
12	20730	7.565	60
12	20744	7.57	60
12	20755	7.575	60
12	20769	7.58	60
12	20780	7.585	60
12	20794	7.59	60
12	20805	7.595	60
12	20819	7.6	60
12	20830	7.605	60
12	20844	7.61	60
12	20855	7.615	60
12	20869	7.62	60
12	20880	7.625	60
12	20894	7.63	60
12	20905	7.635	60
12	20919	7.64	60
12	20930	7.645	60
12	20944	7.65	60
12	20955	7.655	60
12	20969	7.66	60
12	20980	7.665	60
12	20994	7.67	60
12	21005	7.675	60
12	21019	7.68	60
12	21030	7.685	60
12	21044	7.69	60
12	21055	7.695	60
12	21069	7.7	60
12	21080	7.705	60
12	21094	7.71	60
12	21105	7.715	60
12	21119	7.72	60
12	21130	7.725	60
12	21144	7.73	60
12	21155	7.735	60
12	21169	7.74	60
12	21180	7.745	60
12	21194	7.75	60
12	21205	7.755	60
12	21219	7.76	60
12	21230	7.765	60
12	21244	7.77	60
12	21255	7.775	60
12	21269	7.78	60
12	21280	7.785	60
12	21294	7.79	60
12	21305	7.795	60
12	21319	7.8	60
12	21330	7.805	60
12	21344	7.81	60
12	21355	7.815	60
12	21369	7.82	60
12	21380	7.825	60
12	21394	7.83	60
12	21405	7.835	60
12	21419	7.84	60
12	21430	7.845	60
12	21444	7.85	60
12	21455	7.855	60
12	21469	7.86	60
12	21480	7.865	60
12	21494	7.87	60
12	21505	7.875	60
12	21519	7.88	60
12	21530	7.885	60
12	21544	7.89	60
12	21555	7.895	60
12	21569	7.9	60
12	21580	7.905	60
12	21594	7.91	60
12	21605	7.915	60
12	21619	7.92	60
12	21630	7.925	60
12	21644	7.93	60
12	21655	7.935	60
12	21669	7.94	60
12	21680	7.945	60
12	21694	7.95	60
12	21705	7.955	60
12	21719	7.96	60
12	21730	7.965	60
12	21744	7.97	60
12	21755	7.975	60
12	21769	7.98	60
12	21780	7.985	60
12	21794	7.99	60
12	21805	7.995	60
12	21824	8	60
12	21835	8.005	60
12	21849	8.01	60
12	21860	8.015	60
12	21874	8.02	60
12	21885	8.025	60
12	21899	8.03	60
12	21910	8.035	60
12	21924	8.04	60
12	21935	8.045	60
12	21949	8.05	60
12	21960	8.055	60
12	21974	8.06	60
12	21985	8.065	60
12	21999	8.07	60
12	22010	8.075	60
12	22024	8.08	60
12	22035	8.085	60
12	22049	8.09	60
12	22060	8.095	60
12	22074	8.1	60
12	22085	8.105	60
12	22099	8.11	60
12	22110	8.115	60
12	22124	8.12	60
12	22135	8.125	60
12	22149	8.13	60
12	22160	8.135	60
12	22174	8.14	60
12	22185	8.145	60
12	22199	8.15	60
12	22210	8.155	60
12	22224	8.16	60
12	22235	8.165	60
12	22249	8.17	60
12	22260	8.175	60
12	22274	8.18	60
12	22285	8.185	60
12	22299	8.19	60
12	22310	8.195	60
12	22324	8.2	60
12	22335	8.205	60
12	22349	8.21	60
12	22360	8.215	60
12	22374	8.22	60
12	22385	8.225	60
12	22399	8.23	60
12	22410	8.235	60
12	22424	8.24	60
12	22435	8.245	60
12	22449	8.25	60
12	22460	8.255	60
12	22474	8.26	60
12	22485	8.265	60
12	22499	8.27	60
12	22510	8.275	60
12	22524	8.28	60
12	22535	8.285	60
12	22549	8.29	60
12	22560	8.295	60
12	22574	8.3	60
12	22585	8.305	60
12	22599	8.31	60
12	22610	8.315	60
12	22624	8.32	60
12	22635	8.325	60
12	22649	8.33	60
12	22660	8.335	60
12	22674	8.34	60
12	22685	8.345	60
12	22699	8.35	60
12	22710	8.355	60
12	22724	8.36	60
12	22735	8.365	60
12	22749	8.37	60
12	22760	8.375	60
12	22774	8.38	60
12	22785	8.385	60
12	22799	8.39	60
12	22810	8.395	60
12	22824	8.4	60
12	22835	8.405	60
12	22849	8.41	60
12	22860	8.415	60
12	22874	8.42	60
12	22885	8.425	60
12	22899	8.43	60
12	22910	8.435	60
12	22924	8.44	60
12	22935	8.445	60
12	22949	8.45	60
12	22960	8.455	60
12	22974	8.46	60
12	22985	8.465	60
12	22999	8.47	60
12	23010	8.475	60
12	23024	8.48	60
12	23035	8.485	60
12	23049	8.49	60
12	23060	8.495	60
12	23079	8.5	60
12	23090	8.505	60
12	23104	8.51	60
12	23115	8.515	60
12	23129	8.52	60
12	23140	8.525	60
12	23154	8.53	60
12	23165	8.535	60
12	23179	8.54	60
12	23190	8.545	60
12	23204	8.55	60
12	23215	8.555	60
12	23229	8.56	60
12	23240	8.565	60
12	23254	8.57	60
12	23265	8.575	60
12	23279	8.58	60
12	23290	8.585	60
12	23304	8.59	60
12	23315	8.595	60
12	23329	8.6	60
12	23340	8.605	60
12	23354	8.61	60
12	23365	8.615	60
12	23379	8.62	60
12	23390	8.625	60
12	23404	8.63	60
12	23415	8.635	60
12	23429	8.64	60
12	23440	8.645	60
12	23454	8.65	60
12	23465	8.655	60
12	23479	8.66	60
12	23490	8.665	60
12	23504	8.67	60
12	23515	8.675	60
12	23529	8.68	60
12	23540	8.685	60
12	23554	8.69	60
12	23565	8.695	60
12	23579	8.7	60
12	23590	8.705	60
12	23604	8.71	60
12	23615	8.715	60
12	23629	8.72	60
12	23640	8.725	60
12	23654	8.73	60
12	23665	8.735	60
12	23679	8.74	60
12	23690	8.745	60
12	23704	8.75	60
12	23715	8.755	60
12	23729	8.76	60
12	23740	8.765	60
12	23754	8.77	60
12	23765	8.775	60
12	23779	8.78	60
12	23790	8.785	60
12	23804	8.79	60
12	23815	8.795	60
12	23829	8.8	60
12	23840	8.805	60
12	23854	8.81	60
12	23865	8.815	60
12	23879	8.82	60
12	23890	8.825	60
12	23904	8.83	60
12	23915	8.835	60
12	23929	8.84	60
12	23940	8.845	60
12	23954	8.85	60
12	23965	8.855	60
12	23979	8.86	60
12	23990	8.865	60
12	24004	8.87	60
12	24015	8.875	60
12	24029	8.88	60
12	24040	8.885	60
12	24054	8.89	60
12	24065	8.895	60
12	24079	8.9	60
12	24090	8.905	60
12	24104	8.91	60
12	24115	8.915	60
12	24129	8.92	60
12	24140	8.925	60
12	24154	8.93	60
12	24165	8.935	60
12	24179	8.94	60
12	24190	8.945	60
12	24204	8.95	60
12	24215	8.955	60
12	24229	8.96	60
12	24240	8.965	60
12	24254	8.97	60
12	24265	8.975	60
12	24279	8.98	60
12	24290	8.985	60
12	24304	8.99	60
12	24315	8.995	60
12	24334	9	60
12	24345	9.005	60
12	24359	9.01	60
12	24370	9.015	60
12	24384	9.02	60
12	24395	9.025	60
12	24409	9.03	60
12	24420	9.035	60
12	24434	9.04	60
12	24445	9.045	60
12	24459	9.05	60
12	24470	9.055	60
12	24484	9.06	60
12	24495	9.065	60
12	24509	9.07	60
12	24520	9.075	60
12	24534	9.08	60
12	24545	9.085	60
12	24559	9.09	60
12	24570	9.095	60
12	24584	9.1	60
12	24595	9.105	60
12	24609	9.11	60
12	24620	9.115	60
12	24634	9.12	60
12	24645	9.125	60
12	24659	9.13	60
12	24670	9.135	60
12	24684	9.14	60
12	24695	9.145	60
12	24709	9.15	60
12	24720	9.155	60
12	24734	9.16	60
12	24745	9.165	60
12	24759	9.17	60
12	24770	9.175	60
12	24784	9.18	60
12	24795	9.185	60
12	24809	9.19	60
12	24820	9.195	60
12	24834	9.2	60
12	24845	9.205	60
12	24859	9.21	60
12	24870	9.215	60
12	24884	9.22	60
12	24895	9.225	60
12	24909	9.23	60
12	24920	9.235	60
12	24934	9.24	60
12	24945	9.245	60
12	24959	9.25	60
12	24970	9.255	60
12	24984	9.26	60
12	24995	9.265	60
12	25009	9.27	60
12	25020	9.275	60
12	25034	9.28	60
12	25045	9.285	60
12	25059	9.29	60
12	25070	9.295	60
12	25084	9.3	60
12	25095	9.305	60
12	25109	9.31	60
12	25120	9.315	60
12	25134	9.32	60
12	25145	9.325	60
12	25159	9.33	60
12	25170	9.335	60
12	25184	9.34	60
12	25195	9.345	60
12	25209	9.35	60
12	25220	9.355	60
12	25234	9.36	60
12	25245	9.365	60
12	25259	9.37	60
12	25270	9.375	60
12	25284	9.38	60
12	25295	9.385	60
12	25309	9.39	60
12	25320	9.395	60
12	25334	9.4	60
12	25345	9.405	60
12	25359	9.41	60
12	25370	9.415	60
12	25384	9.42	60
12	25395	9.425	60
12	25409	9.43	60
12	25420	9.435	60
12	25434	9.44	60
12	25445	9.445	60
12	25459	9.45	60
12	25470	9.455	60
12	25484	9.46	60
12	25495	9.465	60
12	25509	9.47	60
12	25520	9.475	60
12	25534	9.48	60
12	25545	9.485	60
12	25559	9.49	60
12	25570	9.495	60
12	25589	9.5	60
12	25600	9.505	60
12	25614	9.51	60
12	25625	9.515	60
12	25639	9.52	60
12	25650	9.525	60
12	25664	9.53	60
12	25675	9.535	60
12	25689	9.54	60
12	25700	9.545	60
12	25714	9.55	60
12	25725	9.555	60
12	25739	9.56	60
12	25750	9.565	60
12	25764	9.57	60
12	25775	9.575	60
12	25789	9.58	60
12	25800	9.585	60
12	25814	9.59	60
12	25825	9.595	60
12	25839	9.6	60
12	25850	9.605	60
12	25864	9.61	60
12	25875	9.615	60
12	25889	9.62	60
12	25900	9.625	60
12	25914	9.63	60
12	25925	9.635	60
12	25939	9.64	60
12	25950	9.645	60
12	25964	9.65	60
12	25975	9.655	60
12	25989	9.66	60
12	26000	9.665	60
12	26014	9.67	60
12	26025	9.675	60
12	26039	9.68	60
12	26050	9.685	60
12	26064	9.69	60
12	26075	9.695	60
12	26089	9.7	60
12	26100	9.705	60
12	26114	9.71	60
12	26125	9.715	60
12	26139	9.72	60
12	26150	9.725	60
12	26164	9.73	60
12	26175	9.735	60
12	26189	9.74	60
12	26200	9.745	60
12	26214	9.75	60
12	26225	9.755	60
12	26239	9.76	60
12	26250	9.765	60
12	26264	9.77	60
12	26275	9.775	60
12	26289	9.78	60
12	26300	9.785	60
12	26314	9.79	60
12	26325	9.795	60
12	26339	9.8	60
12	26350	9.805	60
12	26364	9.81	60
12	26375	9.815	60
12	26389	9.82	60
12	26400	9.825	60
12	26414	9.83	60
12	26425	9.835	60
12	26439	9.84	60
12	26450	9.845	60
12	26464	9.85	60
12	26475	9.855	60
12	26489	9.86	60
12	26500	9.865	60
12	26514	9.87	60
12	26525	9.875	60
12	26539	9.88	60
12	26550	9.885	60
12	26564	9.89	60
12	26575	9.895	60
12	26589	9.9	60
12	26600	9.905	60
12	26614	9.91	60
12	26625	9.915	60
12	26639	9.92	60
12	26650	9.925	60
12	26664	9.93	60
12	26675	9.935	60
12	26689	9.94	60
12	26700	9.945	60
12	26714	9.95	60
12	26725	9.955	60
12	26739	9.96	60
12	26750	9.965	60
12	26764	9.97	60
12	26775	9.975	60
12	26789	9.98	60
12	26800	9.985	60
12	26814	9.99	60
12	26825	9.995	60
12	26836	10	60
12	26842	10.005	60
12	26848	10.01	60
12	26854	10.015	60
12	26860	10.02	60
12	26866	10.025	60
12	26870	10.03	60
12	26874	10.035	60
12	26878	10.04	60
12	26882	10.045	60
12	26886	10.05	60
12	26890	10.055	60
13	144	0.06	60
13	145	0.06	60
13	159	0.065	60
13	160	0.065	60
13	183	0.07	60
13	184	0.07	60
13	198	0.075	60
13	199	0.075	60
13	222	0.08	60
13	223	0.08	60
13	237	0.085	60
13	238	0.085	60
13	261	0.09	60
13	262	0.09	60
13	284	0.095	60
13	285	0.095	60
13	313	0.1	60
13	314	0.1	60
13	336	0.105	60
13	337	0.105	60
13	365	0.11	60
13	366	0.11	60
13	388	0.115	60
13	389	0.115	60
13	417	0.12	60
13	418	0.12	60
13	440	0.125	60
13	441	0.125	60
13	469	0.13	60
13	470	0.13	60
13	492	0.135	60
13	493	0.135	60
13	521	0.14	60
13	522	0.14	60
13	544	0.145	60
13	545	0.145	60
13	573	0.15	60
13	574	0.15	60
13	596	0.155	60
13	597	0.155	60
13	625	0.16	60
13	626	0.16	60
13	648	0.165	60
13	649	0.165	60
13	677	0.17	60
13	678	0.17	60
13	700	0.175	60
13	701	0.175	60
13	729	0.18	60
13	730	0.18	60
13	752	0.185	60
13	753	0.185	60
13	781	0.19	60
13	782	0.19	60
13	804	0.195	60
13	805	0.195	60
13	833	0.2	60
13	834	0.2	60
13	856	0.205	60
13	857	0.205	60
13	885	0.21	60
13	886	0.21	60
13	908	0.215	60
13	909	0.215	60
13	937	0.22	60
13	938	0.22	60
13	960	0.225	60
13	961	0.225	60
13	989	0.23	60
13	990	0.23	60
13	1012	0.235	60
13	1013	0.235	60
13	1041	0.24	60
13	1042	0.24	60
13	1064	0.245	60
13	1065	0.245	60
13	1093	0.25	60
13	1094	0.25	60
13	1116	0.255	60
13	1117	0.255	60
13	1145	0.26	60
13	1146	0.26	60
13	1168	0.265	60
13	1169	0.265	60
13	1197	0.27	60
13	1198	0.27	60
13	1220	0.275	60
13	1221	0.275	60
13	1249	0.28	60
13	1250	0.28	60
13	1272	0.285	60
13	1273	0.285	60
13	1301	0.29	60
13	1302	0.29	60
13	1324	0.295	60
13	1325	0.295	60
13	1353	0.3	60
13	1354	0.3	60
13	1376	0.305	60
13	1377	0.305	60
13	1405	0.31	60
13	1406	0.31	60
13	1428	0.315	60
13	1429	0.315	60
13	1457	0.32	60
13	1458	0.32	60
13	1480	0.325	60
13	1481	0.325	60
13	1509	0.33	60
13	1510	0.33	60
13	1532	0.335	60
13	1533	0.335	60
13	1561	0.34	60
13	1562	0.34	60
13	1584	0.345	60
13	1585	0.345	60
13	1613	0.35	60
13	1614	0.35	60
13	1636	0.355	60
13	1637	0.355	60
13	1665	0.36	60
13	1666	0.36	60
13	1688	0.365	60
13	1689	0.365	60
13	1717	0.37	60
13	1718	0.37	60
13	1740	0.375	60
13	1741	0.375	60
13	1769	0.38	60
13	1770	0.38	60
13	1792	0.385	60
13	1793	0.385	60
13	1821	0.39	60
13	1822	0.39	60
13	1844	0.395	60
13	1845	0.395	60
13	1873	0.4	60
13	1874	0.4	60
13	1896	0.405	60
13	1897	0.405	60
13	1925	0.41	60
13	1926	0.41	60
13	1948	0.415	60
13	1949	0.415	60
13	1977	0.42	60
13	1978	0.42	60
13	2000	0.425	60
13	2001	0.425	60
13	2029	0.43	60
13	2030	0.43	60
13	2052	0.435	60
13	2053	0.435	60
13	2081	0.44	60
13	2082	0.44	60
13	2104	0.445	60
13	2105	0.445	60
13	2133	0.45	60
13	2134	0.45	60
13	2156	0.455	60
13	2157	0.455	60
13	2185	0.46	60
13	2186	0.46	60
13	2208	0.465	60
13	2209	0.465	60
13	2237	0.47	60
13	2238	0.47	60
13	2260	0.475	60
13	2261	0.475	60
13	2289	0.48	60
13	2290	0.48	60
13	2312	0.485	60
13	2313	0.485	60
13	2341	0.49	60
13	2342	0.49	60
13	2364	0.495	60
13	2365	0.495	60
13	2398	0.5	60
13	2399	0.5	60
13	2421	0.505	60
13	2422	0.505	60
13	2450	0.51	60
13	2451	0.51	60
13	2473	0.515	60
13	2474	0.515	60
13	2502	0.52	60
13	2503	0.52	60
13	2525	0.525	60
13	2526	0.525	60
13	2551	0.53	60
13	2552	0.53	60
13	2571	0.535	60
13	2572	0.535	60
13	2597	0.54	60
13	2598	0.54	60
13	2617	0.545	60
13	2618	0.545	60
13	2643	0.55	60
13	2644	0.55	60
13	2663	0.555	60
13	2664	0.555	60
14	146	0.06	60
14	161	0.065	60
14	185	0.07	60
14	200	0.075	60
14	224	0.08	60
14	239	0.085	60
14	263	0.09	60
14	286	0.095	60
14	315	0.1	60
14	338	0.105	60
14	367	0.11	60
14	390	0.115	60
14	419	0.12	60
14	442	0.125	60
14	471	0.13	60
14	494	0.135	60
14	523	0.14	60
14	546	0.145	60
14	575	0.15	60
14	598	0.155	60
14	627	0.16	60
14	650	0.165	60
14	679	0.17	60
14	702	0.175	60
14	731	0.18	60
14	754	0.185	60
14	783	0.19	60
14	806	0.195	60
14	835	0.2	60
14	858	0.205	60
14	887	0.21	60
14	910	0.215	60
14	939	0.22	60
14	962	0.225	60
14	991	0.23	60
14	1014	0.235	60
14	1043	0.24	60
14	1066	0.245	60
14	1095	0.25	60
14	1118	0.255	60
14	1147	0.26	60
14	1170	0.265	60
14	1199	0.27	60
14	1222	0.275	60
14	1251	0.28	60
14	1274	0.285	60
14	1303	0.29	60
14	1326	0.295	60
14	1355	0.3	60
14	1378	0.305	60
14	1407	0.31	60
14	1430	0.315	60
14	1459	0.32	60
14	1482	0.325	60
14	1511	0.33	60
14	1534	0.335	60
14	1563	0.34	60
14	1586	0.345	60
14	1615	0.35	60
14	1638	0.355	60
14	1667	0.36	60
14	1690	0.365	60
14	1719	0.37	60
14	1742	0.375	60
14	1771	0.38	60
14	1794	0.385	60
14	1823	0.39	60
14	1846	0.395	60
14	1875	0.4	60
14	1898	0.405	60
14	1927	0.41	60
14	1950	0.415	60
14	1979	0.42	60
14	2002	0.425	60
14	2031	0.43	60
14	2054	0.435	60
14	2083	0.44	60
14	2106	0.445	60
14	2135	0.45	60
14	2158	0.455	60
14	2187	0.46	60
14	2210	0.465	60
14	2239	0.47	60
14	2262	0.475	60
14	2291	0.48	60
14	2314	0.485	60
14	2343	0.49	60
14	2366	0.495	60
14	2400	0.5	60
14	2423	0.505	60
14	2452	0.51	60
14	2475	0.515	60
14	2504	0.52	60
14	2527	0.525	60
14	2553	0.53	60
14	2573	0.535	60
14	2599	0.54	60
14	2619	0.545	60
14	2645	0.55	60
14	2665	0.555	60
14	2688	0.56	60
14	2705	0.565	60
14	2728	0.57	60
14	2745	0.575	60
14	2768	0.58	60
14	2785	0.585	60
14	2808	0.59	60
14	2822	0.595	60
14	2842	0.6	60
14	2856	0.605	60
14	2876	0.61	60
14	2890	0.615	60
14	2910	0.62	60
14	2924	0.625	60
14	2944	0.63	60
14	2958	0.635	60
14	2978	0.64	60
14	2992	0.645	60
14	3012	0.65	60
14	3026	0.655	60
14	3046	0.66	60
14	3060	0.665	60
14	3080	0.67	60
14	3094	0.675	60
14	3114	0.68	60
14	3128	0.685	60
14	3148	0.69	60
14	3162	0.695	60
14	3182	0.7	60
14	3196	0.705	60
14	3216	0.71	60
14	3230	0.715	60
14	3250	0.72	60
14	3264	0.725	60
14	3284	0.73	60
14	3298	0.735	60
14	3318	0.74	60
14	3332	0.745	60
14	3352	0.75	60
14	3366	0.755	60
14	3386	0.76	60
14	3400	0.765	60
14	3420	0.77	60
14	3434	0.775	60
14	3454	0.78	60
14	3468	0.785	60
14	3488	0.79	60
14	3502	0.795	60
14	3522	0.8	60
14	3536	0.805	60
14	3556	0.81	60
14	3570	0.815	60
14	3590	0.82	60
14	3604	0.825	60
14	3624	0.83	60
14	3638	0.835	60
14	3658	0.84	60
14	3672	0.845	60
14	3692	0.85	60
14	3706	0.855	60
14	3726	0.86	60
14	3740	0.865	60
14	3760	0.87	60
14	3774	0.875	60
14	3794	0.88	60
14	3808	0.885	60
14	3828	0.89	60
14	3842	0.895	60
14	3862	0.9	60
14	3876	0.905	60
14	3896	0.91	60
14	3910	0.915	60
14	3930	0.92	60
14	3944	0.925	60
14	3964	0.93	60
14	3978	0.935	60
14	3998	0.94	60
14	4012	0.945	60
14	4032	0.95	60
14	4046	0.955	60
14	4066	0.96	60
14	4080	0.965	60
14	4100	0.97	60
14	4114	0.975	60
14	4134	0.98	60
14	4148	0.985	60
14	4168	0.99	60
14	4182	0.995	60
14	4207	1	60
14	4221	1.005	60
14	4241	1.01	60
14	4255	1.015	60
14	4275	1.02	60
14	4289	1.025	60
14	4306	1.03	60
14	4320	1.035	60
14	4337	1.04	60
14	4351	1.045	60
14	4368	1.05	60
14	4382	1.055	60
14	4396	1.06	60
14	4410	1.065	60
14	4424	1.07	60
14	4438	1.075	60
14	4452	1.08	60
14	4466	1.085	60
14	4480	1.09	60
14	4491	1.095	60
14	4505	1.1	60
14	4516	1.105	60
14	4530	1.11	60
14	4541	1.115	60
14	4555	1.12	60
14	4566	1.125	60
14	4580	1.13	60
14	4591	1.135	60
14	4605	1.14	60
14	4616	1.145	60
14	4630	1.15	60
14	4641	1.155	60
14	4655	1.16	60
14	4666	1.165	60
14	4680	1.17	60
14	4691	1.175	60
14	4705	1.18	60
14	4716	1.185	60
14	4730	1.19	60
14	4741	1.195	60
14	4755	1.2	60
14	4766	1.205	60
14	4780	1.21	60
14	4791	1.215	60
14	4805	1.22	60
14	4816	1.225	60
14	4830	1.23	60
14	4841	1.235	60
14	4855	1.24	60
14	4866	1.245	60
14	4880	1.25	60
14	4891	1.255	60
14	4905	1.26	60
14	4916	1.265	60
14	4930	1.27	60
14	4941	1.275	60
14	4955	1.28	60
14	4966	1.285	60
14	4980	1.29	60
14	4991	1.295	60
14	5005	1.3	60
14	5016	1.305	60
14	5030	1.31	60
14	5041	1.315	60
14	5055	1.32	60
14	5066	1.325	60
14	5080	1.33	60
14	5091	1.335	60
14	5105	1.34	60
14	5116	1.345	60
14	5130	1.35	60
14	5141	1.355	60
14	5155	1.36	60
14	5166	1.365	60
14	5180	1.37	60
14	5191	1.375	60
14	5205	1.38	60
14	5216	1.385	60
14	5230	1.39	60
14	5241	1.395	60
14	5255	1.4	60
14	5266	1.405	60
14	5280	1.41	60
14	5291	1.415	60
14	5305	1.42	60
14	5316	1.425	60
14	5330	1.43	60
14	5341	1.435	60
14	5355	1.44	60
14	5366	1.445	60
14	5380	1.45	60
14	5391	1.455	60
14	5405	1.46	60
14	5416	1.465	60
14	5430	1.47	60
14	5441	1.475	60
14	5455	1.48	60
14	5466	1.485	60
14	5480	1.49	60
14	5491	1.495	60
14	5510	1.5	60
14	5521	1.505	60
14	5535	1.51	60
14	5546	1.515	60
14	5560	1.52	60
14	5571	1.525	60
14	5585	1.53	60
14	5596	1.535	60
14	5610	1.54	60
14	5621	1.545	60
14	5635	1.55	60
14	5646	1.555	60
14	5660	1.56	60
14	5671	1.565	60
14	5685	1.57	60
14	5696	1.575	60
14	5710	1.58	60
14	5721	1.585	60
14	5735	1.59	60
14	5746	1.595	60
14	5760	1.6	60
14	5771	1.605	60
14	5785	1.61	60
14	5796	1.615	60
14	5810	1.62	60
14	5821	1.625	60
14	5835	1.63	60
14	5846	1.635	60
14	5860	1.64	60
14	5871	1.645	60
14	5885	1.65	60
14	5896	1.655	60
14	5910	1.66	60
14	5921	1.665	60
14	5935	1.67	60
14	5946	1.675	60
14	5960	1.68	60
14	5971	1.685	60
14	5985	1.69	60
14	5996	1.695	60
14	6010	1.7	60
14	6021	1.705	60
14	6035	1.71	60
14	6046	1.715	60
14	6060	1.72	60
14	6071	1.725	60
14	6085	1.73	60
14	6096	1.735	60
14	6110	1.74	60
14	6121	1.745	60
14	6135	1.75	60
14	6146	1.755	60
14	6160	1.76	60
14	6171	1.765	60
14	6185	1.77	60
14	6196	1.775	60
14	6210	1.78	60
14	6221	1.785	60
14	6235	1.79	60
14	6246	1.795	60
14	6260	1.8	60
14	6271	1.805	60
14	6285	1.81	60
14	6296	1.815	60
14	6310	1.82	60
14	6321	1.825	60
14	6335	1.83	60
14	6346	1.835	60
14	6360	1.84	60
14	6371	1.845	60
14	6385	1.85	60
14	6396	1.855	60
14	6410	1.86	60
14	6421	1.865	60
14	6435	1.87	60
14	6446	1.875	60
14	6460	1.88	60
14	6471	1.885	60
14	6485	1.89	60
14	6496	1.895	60
14	6510	1.9	60
14	6521	1.905	60
14	6535	1.91	60
14	6546	1.915	60
14	6560	1.92	60
14	6571	1.925	60
14	6585	1.93	60
14	6596	1.935	60
14	6610	1.94	60
14	6621	1.945	60
14	6635	1.95	60
14	6646	1.955	60
14	6660	1.96	60
14	6671	1.965	60
14	6685	1.97	60
14	6696	1.975	60
14	6710	1.98	60
14	6721	1.985	60
14	6735	1.99	60
14	6746	1.995	60
14	6765	2	60
14	6776	2.005	60
14	6790	2.01	60
14	6801	2.015	60
14	6815	2.02	60
14	6826	2.025	60
14	6840	2.03	60
14	6851	2.035	60
14	6865	2.04	60
14	6876	2.045	60
14	6890	2.05	60
14	6901	2.055	60
14	6915	2.06	60
14	6926	2.065	60
14	6940	2.07	60
14	6951	2.075	60
14	6965	2.08	60
14	6976	2.085	60
14	6990	2.09	60
14	7001	2.095	60
14	7015	2.1	60
14	7026	2.105	60
14	7040	2.11	60
14	7051	2.115	60
14	7065	2.12	60
14	7076	2.125	60
14	7090	2.13	60
14	7101	2.135	60
14	7115	2.14	60
14	7126	2.145	60
14	7140	2.15	60
14	7151	2.155	60
14	7165	2.16	60
14	7176	2.165	60
14	7190	2.17	60
14	7201	2.175	60
14	7215	2.18	60
14	7226	2.185	60
14	7240	2.19	60
14	7251	2.195	60
14	7265	2.2	60
14	7276	2.205	60
14	7290	2.21	60
14	7301	2.215	60
14	7315	2.22	60
14	7326	2.225	60
14	7340	2.23	60
14	7351	2.235	60
14	7365	2.24	60
14	7376	2.245	60
14	7390	2.25	60
14	7401	2.255	60
14	7415	2.26	60
14	7426	2.265	60
14	7440	2.27	60
14	7451	2.275	60
14	7465	2.28	60
14	7476	2.285	60
14	7490	2.29	60
14	7501	2.295	60
14	7515	2.3	60
14	7526	2.305	60
14	7540	2.31	60
14	7551	2.315	60
14	7565	2.32	60
14	7576	2.325	60
14	7590	2.33	60
14	7601	2.335	60
14	7615	2.34	60
14	7626	2.345	60
14	7640	2.35	60
14	7651	2.355	60
14	7665	2.36	60
14	7676	2.365	60
14	7690	2.37	60
14	7701	2.375	60
14	7715	2.38	60
14	7726	2.385	60
14	7740	2.39	60
14	7751	2.395	60
14	7765	2.4	60
14	7776	2.405	60
14	7790	2.41	60
14	7801	2.415	60
14	7815	2.42	60
14	7826	2.425	60
14	7840	2.43	60
14	7851	2.435	60
14	7865	2.44	60
14	7876	2.445	60
14	7890	2.45	60
14	7901	2.455	60
14	7915	2.46	60
14	7926	2.465	60
14	7940	2.47	60
14	7951	2.475	60
14	7965	2.48	60
14	7976	2.485	60
14	7990	2.49	60
14	8001	2.495	60
14	8020	2.5	60
14	8031	2.505	60
14	8045	2.51	60
14	8056	2.515	60
14	8070	2.52	60
14	8081	2.525	60
14	8095	2.53	60
14	8106	2.535	60
14	8120	2.54	60
14	8131	2.545	60
14	8145	2.55	60
14	8156	2.555	60
14	8170	2.56	60
14	8181	2.565	60
14	8195	2.57	60
14	8206	2.575	60
14	8220	2.58	60
14	8231	2.585	60
14	8245	2.59	60
14	8256	2.595	60
14	8270	2.6	60
14	8281	2.605	60
14	8295	2.61	60
14	8306	2.615	60
14	8320	2.62	60
14	8331	2.625	60
14	8345	2.63	60
14	8356	2.635	60
14	8370	2.64	60
14	8381	2.645	60
14	8395	2.65	60
14	8406	2.655	60
14	8420	2.66	60
14	8431	2.665	60
14	8445	2.67	60
14	8456	2.675	60
14	8470	2.68	60
14	8481	2.685	60
14	8495	2.69	60
14	8506	2.695	60
14	8520	2.7	60
14	8531	2.705	60
14	8545	2.71	60
14	8556	2.715	60
14	8570	2.72	60
14	8581	2.725	60
14	8595	2.73	60
14	8606	2.735	60
14	8620	2.74	60
14	8631	2.745	60
14	8645	2.75	60
14	8656	2.755	60
14	8670	2.76	60
14	8681	2.765	60
14	8695	2.77	60
14	8706	2.775	60
14	8720	2.78	60
14	8731	2.785	60
14	8745	2.79	60
14	8756	2.795	60
14	8770	2.8	60
14	8781	2.805	60
14	8795	2.81	60
14	8806	2.815	60
14	8820	2.82	60
14	8831	2.825	60
14	8845	2.83	60
14	8856	2.835	60
14	8870	2.84	60
14	8881	2.845	60
14	8895	2.85	60
14	8906	2.855	60
14	8920	2.86	60
14	8931	2.865	60
14	8945	2.87	60
14	8956	2.875	60
14	8970	2.88	60
14	8981	2.885	60
14	8995	2.89	60
14	9006	2.895	60
14	9020	2.9	60
14	9031	2.905	60
14	9045	2.91	60
14	9056	2.915	60
14	9070	2.92	60
14	9081	2.925	60
14	9095	2.93	60
14	9106	2.935	60
14	9120	2.94	60
14	9131	2.945	60
14	9145	2.95	60
14	9156	2.955	60
14	9170	2.96	60
14	9181	2.965	60
14	9195	2.97	60
14	9206	2.975	60
14	9220	2.98	60
14	9231	2.985	60
14	9245	2.99	60
14	9256	2.995	60
14	9275	3	60
14	9286	3.005	60
14	9300	3.01	60
14	9311	3.015	60
14	9325	3.02	60
14	9336	3.025	60
14	9350	3.03	60
14	9361	3.035	60
14	9375	3.04	60
14	9386	3.045	60
14	9400	3.05	60
14	9411	3.055	60
14	9425	3.06	60
14	9436	3.065	60
14	9450	3.07	60
14	9461	3.075	60
14	9475	3.08	60
14	9486	3.085	60
14	9500	3.09	60
14	9511	3.095	60
14	9525	3.1	60
14	9536	3.105	60
14	9550	3.11	60
14	9561	3.115	60
14	9575	3.12	60
14	9586	3.125	60
14	9600	3.13	60
14	9611	3.135	60
14	9625	3.14	60
14	9636	3.145	60
14	9650	3.15	60
14	9661	3.155	60
14	9675	3.16	60
14	9686	3.165	60
14	9700	3.17	60
14	9711	3.175	60
14	9725	3.18	60
14	9736	3.185	60
14	9750	3.19	60
14	9761	3.195	60
14	9775	3.2	60
14	9786	3.205	60
14	9800	3.21	60
14	9811	3.215	60
14	9825	3.22	60
14	9836	3.225	60
14	9850	3.23	60
14	9861	3.235	60
14	9875	3.24	60
14	9886	3.245	60
14	9900	3.25	60
14	9911	3.255	60
14	9925	3.26	60
14	9936	3.265	60
14	9950	3.27	60
14	9961	3.275	60
14	9975	3.28	60
14	9986	3.285	60
14	10000	3.29	60
14	10011	3.295	60
14	10025	3.3	60
14	10036	3.305	60
14	10050	3.31	60
14	10061	3.315	60
14	10075	3.32	60
14	10086	3.325	60
14	10100	3.33	60
14	10111	3.335	60
14	10125	3.34	60
14	10136	3.345	60
14	10150	3.35	60
14	10161	3.355	60
14	10175	3.36	60
14	10186	3.365	60
14	10200	3.37	60
14	10211	3.375	60
14	10225	3.38	60
14	10236	3.385	60
14	10250	3.39	60
14	10261	3.395	60
14	10275	3.4	60
14	10286	3.405	60
14	10300	3.41	60
14	10311	3.415	60
14	10325	3.42	60
14	10336	3.425	60
14	10350	3.43	60
14	10361	3.435	60
14	10375	3.44	60
14	10386	3.445	60
14	10400	3.45	60
14	10411	3.455	60
14	10425	3.46	60
14	10436	3.465	60
14	10450	3.47	60
14	10461	3.475	60
14	10475	3.48	60
14	10486	3.485	60
14	10500	3.49	60
14	10511	3.495	60
14	10530	3.5	60
14	10541	3.505	60
14	10555	3.51	60
14	10566	3.515	60
14	10580	3.52	60
14	10591	3.525	60
14	10605	3.53	60
14	10616	3.535	60
14	10630	3.54	60
14	10641	3.545	60
14	10655	3.55	60
14	10666	3.555	60
14	10680	3.56	60
14	10691	3.565	60
14	10705	3.57	60
14	10716	3.575	60
14	10730	3.58	60
14	10741	3.585	60
14	10755	3.59	60
14	10766	3.595	60
14	10780	3.6	60
14	10791	3.605	60
14	10805	3.61	60
14	10816	3.615	60
14	10830	3.62	60
14	10841	3.625	60
14	10855	3.63	60
14	10866	3.635	60
14	10880	3.64	60
14	10891	3.645	60
14	10905	3.65	60
14	10916	3.655	60
14	10930	3.66	60
14	10941	3.665	60
14	10955	3.67	60
14	10966	3.675	60
14	10980	3.68	60
14	10991	3.685	60
14	11005	3.69	60
14	11016	3.695	60
14	11030	3.7	60
14	11041	3.705	60
14	11055	3.71	60
14	11066	3.715	60
14	11080	3.72	60
14	11091	3.725	60
14	11105	3.73	60
14	11116	3.735	60
14	11130	3.74	60
14	11141	3.745	60
14	11155	3.75	60
14	11166	3.755	60
14	11180	3.76	60
14	11191	3.765	60
14	11205	3.77	60
14	11216	3.775	60
14	11230	3.78	60
14	11241	3.785	60
14	11255	3.79	60
14	11266	3.795	60
14	11280	3.8	60
14	11291	3.805	60
14	11305	3.81	60
14	11316	3.815	60
14	11330	3.82	60
14	11341	3.825	60
14	11355	3.83	60
14	11366	3.835	60
14	11380	3.84	60
14	11391	3.845	60
14	11405	3.85	60
14	11416	3.855	60
14	11430	3.86	60
14	11441	3.865	60
14	11455	3.87	60
14	11466	3.875	60
14	11480	3.88	60
14	11491	3.885	60
14	11505	3.89	60
14	11516	3.895	60
14	11530	3.9	60
14	11541	3.905	60
14	11555	3.91	60
14	11566	3.915	60
14	11580	3.92	60
14	11591	3.925	60
14	11605	3.93	60
14	11616	3.935	60
14	11630	3.94	60
14	11641	3.945	60
14	11655	3.95	60
14	11666	3.955	60
14	11680	3.96	60
14	11691	3.965	60
14	11705	3.97	60
14	11716	3.975	60
14	11730	3.98	60
14	11741	3.985	60
14	11755	3.99	60
14	11766	3.995	60
14	11785	4	60
14	11796	4.005	60
14	11810	4.01	60
14	11821	4.015	60
14	11835	4.02	60
14	11846	4.025	60
14	11860	4.03	60
14	11871	4.035	60
14	11885	4.04	60
14	11896	4.045	60
14	11910	4.05	60
14	11921	4.055	60
14	11935	4.06	60
14	11946	4.065	60
14	11960	4.07	60
14	11971	4.075	60
14	11985	4.08	60
14	11996	4.085	60
14	12010	4.09	60
14	12021	4.095	60
14	12035	4.1	60
14	12046	4.105	60
14	12060	4.11	60
14	12071	4.115	60
14	12085	4.12	60
14	12096	4.125	60
14	12110	4.13	60
14	12121	4.135	60
14	12135	4.14	60
14	12146	4.145	60
14	12160	4.15	60
14	12171	4.155	60
14	12185	4.16	60
14	12196	4.165	60
14	12210	4.17	60
14	12221	4.175	60
14	12235	4.18	60
14	12246	4.185	60
14	12260	4.19	60
14	12271	4.195	60
14	12285	4.2	60
14	12296	4.205	60
14	12310	4.21	60
14	12321	4.215	60
14	12335	4.22	60
14	12346	4.225	60
14	12360	4.23	60
14	12371	4.235	60
14	12385	4.24	60
14	12396	4.245	60
14	12410	4.25	60
14	12421	4.255	60
14	12435	4.26	60
14	12446	4.265	60
14	12460	4.27	60
14	12471	4.275	60
14	12485	4.28	60
14	12496	4.285	60
14	12510	4.29	60
14	12521	4.295	60
14	12535	4.3	60
14	12546	4.305	60
14	12560	4.31	60
14	12571	4.315	60
14	12585	4.32	60
14	12596	4.325	60
14	12610	4.33	60
14	12621	4.335	60
14	12635	4.34	60
14	12646	4.345	60
14	12660	4.35	60
14	12671	4.355	60
14	12685	4.36	60
14	12696	4.365	60
14	12710	4.37	60
14	12721	4.375	60
14	12735	4.38	60
14	12746	4.385	60
14	12760	4.39	60
14	12771	4.395	60
14	12785	4.4	60
14	12796	4.405	60
14	12810	4.41	60
14	12821	4.415	60
14	12835	4.42	60
14	12846	4.425	60
14	12860	4.43	60
14	12871	4.435	60
14	12885	4.44	60
14	12896	4.445	60
14	12910	4.45	60
14	12921	4.455	60
14	12935	4.46	60
14	12946	4.465	60
14	12960	4.47	60
14	12971	4.475	60
14	12985	4.48	60
14	12996	4.485	60
14	13010	4.49	60
14	13021	4.495	60
14	13040	4.5	60
14	13051	4.505	60
14	13065	4.51	60
14	13076	4.515	60
14	13090	4.52	60
14	13101	4.525	60
14	13115	4.53	60
14	13126	4.535	60
14	13140	4.54	60
14	13151	4.545	60
14	13165	4.55	60
14	13176	4.555	60
14	13190	4.56	60
14	13201	4.565	60
14	13215	4.57	60
14	13226	4.575	60
14	13240	4.58	60
14	13251	4.585	60
14	13265	4.59	60
14	13276	4.595	60
14	13290	4.6	60
14	13301	4.605	60
14	13315	4.61	60
14	13326	4.615	60
14	13340	4.62	60
14	13351	4.625	60
14	13365	4.63	60
14	13376	4.635	60
14	13390	4.64	60
14	13401	4.645	60
14	13415	4.65	60
14	13426	4.655	60
14	13440	4.66	60
14	13451	4.665	60
14	13465	4.67	60
14	13476	4.675	60
14	13490	4.68	60
14	13501	4.685	60
14	13515	4.69	60
14	13526	4.695	60
14	13540	4.7	60
14	13551	4.705	60
14	13565	4.71	60
14	13576	4.715	60
14	13590	4.72	60
14	13601	4.725	60
14	13615	4.73	60
14	13626	4.735	60
14	13640	4.74	60
14	13651	4.745	60
14	13665	4.75	60
14	13676	4.755	60
14	13690	4.76	60
14	13701	4.765	60
14	13715	4.77	60
14	13726	4.775	60
14	13740	4.78	60
14	13751	4.785	60
14	13765	4.79	60
14	13776	4.795	60
14	13790	4.8	60
14	13801	4.805	60
14	13815	4.81	60
14	13826	4.815	60
14	13840	4.82	60
14	13851	4.825	60
14	13865	4.83	60
14	13876	4.835	60
14	13890	4.84	60
14	13901	4.845	60
14	13915	4.85	60
14	13926	4.855	60
14	13940	4.86	60
14	13951	4.865	60
14	13965	4.87	60
14	13976	4.875	60
14	13990	4.88	60
14	14001	4.885	60
14	14015	4.89	60
14	14026	4.895	60
14	14040	4.9	60
14	14051	4.905	60
14	14065	4.91	60
14	14076	4.915	60
14	14090	4.92	60
14	14101	4.925	60
14	14115	4.93	60
14	14126	4.935	60
14	14140	4.94	60
14	14151	4.945	60
14	14165	4.95	60
14	14176	4.955	60
14	14190	4.96	60
14	14201	4.965	60
14	14215	4.97	60
14	14226	4.975	60
14	14240	4.98	60
14	14251	4.985	60
14	14265	4.99	60
14	14276	4.995	60
14	14295	5	60
14	14306	5.005	60
14	14320	5.01	60
14	14331	5.015	60
14	14345	5.02	60
14	14356	5.025	60
14	14370	5.03	60
14	14381	5.035	60
14	14395	5.04	60
14	14406	5.045	60
14	14420	5.05	60
14	14431	5.055	60
14	14445	5.06	60
14	14456	5.065	60
14	14470	5.07	60
14	14481	5.075	60
14	14495	5.08	60
14	14506	5.085	60
14	14520	5.09	60
14	14531	5.095	60
14	14545	5.1	60
14	14556	5.105	60
14	14570	5.11	60
14	14581	5.115	60
14	14595	5.12	60
14	14606	5.125	60
14	14620	5.13	60
14	14631	5.135	60
14	14645	5.14	60
14	14656	5.145	60
14	14670	5.15	60
14	14681	5.155	60
14	14695	5.16	60
14	14706	5.165	60
14	14720	5.17	60
14	14731	5.175	60
14	14745	5.18	60
14	14756	5.185	60
14	14770	5.19	60
14	14781	5.195	60
14	14795	5.2	60
14	14806	5.205	60
14	14820	5.21	60
14	14831	5.215	60
14	14845	5.22	60
14	14856	5.225	60
14	14870	5.23	60
14	14881	5.235	60
14	14895	5.24	60
14	14906	5.245	60
14	14920	5.25	60
14	14931	5.255	60
14	14945	5.26	60
14	14956	5.265	60
14	14970	5.27	60
14	14981	5.275	60
14	14995	5.28	60
14	15006	5.285	60
14	15020	5.29	60
14	15031	5.295	60
14	15045	5.3	60
14	15056	5.305	60
14	15070	5.31	60
14	15081	5.315	60
14	15095	5.32	60
14	15106	5.325	60
14	15120	5.33	60
14	15131	5.335	60
14	15145	5.34	60
14	15156	5.345	60
14	15170	5.35	60
14	15181	5.355	60
14	15195	5.36	60
14	15206	5.365	60
14	15220	5.37	60
14	15231	5.375	60
14	15245	5.38	60
14	15256	5.385	60
14	15270	5.39	60
14	15281	5.395	60
14	15295	5.4	60
14	15306	5.405	60
14	15320	5.41	60
14	15331	5.415	60
14	15345	5.42	60
14	15356	5.425	60
14	15370	5.43	60
14	15381	5.435	60
14	15395	5.44	60
14	15406	5.445	60
14	15420	5.45	60
14	15431	5.455	60
14	15445	5.46	60
14	15456	5.465	60
14	15470	5.47	60
14	15481	5.475	60
14	15495	5.48	60
14	15506	5.485	60
14	15520	5.49	60
14	15531	5.495	60
14	15550	5.5	60
14	15561	5.505	60
14	15575	5.51	60
14	15586	5.515	60
14	15600	5.52	60
14	15611	5.525	60
14	15625	5.53	60
14	15636	5.535	60
14	15650	5.54	60
14	15661	5.545	60
14	15675	5.55	60
14	15686	5.555	60
14	15700	5.56	60
14	15711	5.565	60
14	15725	5.57	60
14	15736	5.575	60
14	15750	5.58	60
14	15761	5.585	60
14	15775	5.59	60
14	15786	5.595	60
14	15800	5.6	60
14	15811	5.605	60
14	15825	5.61	60
14	15836	5.615	60
14	15850	5.62	60
14	15861	5.625	60
14	15875	5.63	60
14	15886	5.635	60
14	15900	5.64	60
14	15911	5.645	60
14	15925	5.65	60
14	15936	5.655	60
14	15950	5.66	60
14	15961	5.665	60
14	15975	5.67	60
14	15986	5.675	60
14	16000	5.68	60
14	16011	5.685	60
14	16025	5.69	60
14	16036	5.695	60
14	16050	5.7	60
14	16061	5.705	60
14	16075	5.71	60
14	16086	5.715	60
14	16100	5.72	60
14	16111	5.725	60
14	16125	5.73	60
14	16136	5.735	60
14	16150	5.74	60
14	16161	5.745	60
14	16175	5.75	60
14	16186	5.755	60
14	16200	5.76	60
14	16211	5.765	60
14	16225	5.77	60
14	16236	5.775	60
14	16250	5.78	60
14	16261	5.785	60
14	16275	5.79	60
14	16286	5.795	60
14	16300	5.8	60
14	16311	5.805	60
14	16325	5.81	60
14	16336	5.815	60
14	16350	5.82	60
14	16361	5.825	60
14	16375	5.83	60
14	16386	5.835	60
14	16400	5.84	60
14	16411	5.845	60
14	16425	5.85	60
14	16436	5.855	60
14	16450	5.86	60
14	16461	5.865	60
14	16475	5.87	60
14	16486	5.875	60
14	16500	5.88	60
14	16511	5.885	60
14	16525	5.89	60
14	16536	5.895	60
14	16550	5.9	60
14	16561	5.905	60
14	16575	5.91	60
14	16586	5.915	60
14	16600	5.92	60
14	16611	5.925	60
14	16625	5.93	60
14	16636	5.935	60
14	16650	5.94	60
14	16661	5.945	60
14	16675	5.95	60
14	16686	5.955	60
14	16700	5.96	60
14	16711	5.965	60
14	16725	5.97	60
14	16736	5.975	60
14	16750	5.98	60
14	16761	5.985	60
14	16775	5.99	60
14	16786	5.995	60
14	16805	6	60
14	16816	6.005	60
14	16830	6.01	60
14	16841	6.015	60
14	16855	6.02	60
14	16866	6.025	60
14	16880	6.03	60
14	16891	6.035	60
14	16905	6.04	60
14	16916	6.045	60
14	16930	6.05	60
14	16941	6.055	60
14	16955	6.06	60
14	16966	6.065	60
14	16980	6.07	60
14	16991	6.075	60
14	17005	6.08	60
14	17016	6.085	60
14	17030	6.09	60
14	17041	6.095	60
14	17055	6.1	60
14	17066	6.105	60
14	17080	6.11	60
14	17091	6.115	60
14	17105	6.12	60
14	17116	6.125	60
14	17130	6.13	60
14	17141	6.135	60
14	17155	6.14	60
14	17166	6.145	60
14	17180	6.15	60
14	17191	6.155	60
14	17205	6.16	60
14	17216	6.165	60
14	17230	6.17	60
14	17241	6.175	60
14	17255	6.18	60
14	17266	6.185	60
14	17280	6.19	60
14	17291	6.195	60
14	17305	6.2	60
14	17316	6.205	60
14	17330	6.21	60
14	17341	6.215	60
14	17355	6.22	60
14	17366	6.225	60
14	17380	6.23	60
14	17391	6.235	60
14	17405	6.24	60
14	17416	6.245	60
14	17430	6.25	60
14	17441	6.255	60
14	17455	6.26	60
14	17466	6.265	60
14	17480	6.27	60
14	17491	6.275	60
14	17505	6.28	60
14	17516	6.285	60
14	17530	6.29	60
14	17541	6.295	60
14	17555	6.3	60
14	17566	6.305	60
14	17580	6.31	60
14	17591	6.315	60
14	17605	6.32	60
14	17616	6.325	60
14	17630	6.33	60
14	17641	6.335	60
14	17655	6.34	60
14	17666	6.345	60
14	17680	6.35	60
14	17691	6.355	60
14	17705	6.36	60
14	17716	6.365	60
14	17730	6.37	60
14	17741	6.375	60
14	17755	6.38	60
14	17766	6.385	60
14	17780	6.39	60
14	17791	6.395	60
14	17805	6.4	60
14	17816	6.405	60
14	17830	6.41	60
14	17841	6.415	60
14	17855	6.42	60
14	17866	6.425	60
14	17880	6.43	60
14	17891	6.435	60
14	17905	6.44	60
14	17916	6.445	60
14	17930	6.45	60
14	17941	6.455	60
14	17955	6.46	60
14	17966	6.465	60
14	17980	6.47	60
14	17991	6.475	60
14	18005	6.48	60
14	18016	6.485	60
14	18030	6.49	60
14	18041	6.495	60
14	18060	6.5	60
14	18071	6.505	60
14	18085	6.51	60
14	18096	6.515	60
14	18110	6.52	60
14	18121	6.525	60
14	18135	6.53	60
14	18146	6.535	60
14	18160	6.54	60
14	18171	6.545	60
14	18185	6.55	60
14	18196	6.555	60
14	18210	6.56	60
14	18221	6.565	60
14	18235	6.57	60
14	18246	6.575	60
14	18260	6.58	60
14	18271	6.585	60
14	18285	6.59	60
14	18296	6.595	60
14	18310	6.6	60
14	18321	6.605	60
14	18335	6.61	60
14	18346	6.615	60
14	18360	6.62	60
14	18371	6.625	60
14	18385	6.63	60
14	18396	6.635	60
14	18410	6.64	60
14	18421	6.645	60
14	18435	6.65	60
14	18446	6.655	60
14	18460	6.66	60
14	18471	6.665	60
14	18485	6.67	60
14	18496	6.675	60
14	18510	6.68	60
14	18521	6.685	60
14	18535	6.69	60
14	18546	6.695	60
14	18560	6.7	60
14	18571	6.705	60
14	18585	6.71	60
14	18596	6.715	60
14	18610	6.72	60
14	18621	6.725	60
14	18635	6.73	60
14	18646	6.735	60
14	18660	6.74	60
14	18671	6.745	60
14	18685	6.75	60
14	18696	6.755	60
14	18710	6.76	60
14	18721	6.765	60
14	18735	6.77	60
14	18746	6.775	60
14	18760	6.78	60
14	18771	6.785	60
14	18785	6.79	60
14	18796	6.795	60
14	18810	6.8	60
14	18821	6.805	60
14	18835	6.81	60
14	18846	6.815	60
14	18860	6.82	60
14	18871	6.825	60
14	18885	6.83	60
14	18896	6.835	60
14	18910	6.84	60
14	18921	6.845	60
14	18935	6.85	60
14	18946	6.855	60
14	18960	6.86	60
14	18971	6.865	60
14	18985	6.87	60
14	18996	6.875	60
14	19010	6.88	60
14	19021	6.885	60
14	19035	6.89	60
14	19046	6.895	60
14	19060	6.9	60
14	19071	6.905	60
14	19085	6.91	60
14	19096	6.915	60
14	19110	6.92	60
14	19121	6.925	60
14	19135	6.93	60
14	19146	6.935	60
14	19160	6.94	60
14	19171	6.945	60
14	19185	6.95	60
14	19196	6.955	60
14	19210	6.96	60
14	19221	6.965	60
14	19235	6.97	60
14	19246	6.975	60
14	19260	6.98	60
14	19271	6.985	60
14	19285	6.99	60
14	19296	6.995	60
14	19315	7	60
14	19326	7.005	60
14	19340	7.01	60
14	19351	7.015	60
14	19365	7.02	60
14	19376	7.025	60
14	19390	7.03	60
14	19401	7.035	60
14	19415	7.04	60
14	19426	7.045	60
14	19440	7.05	60
14	19451	7.055	60
14	19465	7.06	60
14	19476	7.065	60
14	19490	7.07	60
14	19501	7.075	60
14	19515	7.08	60
14	19526	7.085	60
14	19540	7.09	60
14	19551	7.095	60
14	19565	7.1	60
14	19576	7.105	60
14	19590	7.11	60
14	19601	7.115	60
14	19615	7.12	60
14	19626	7.125	60
14	19640	7.13	60
14	19651	7.135	60
14	19665	7.14	60
14	19676	7.145	60
14	19690	7.15	60
14	19701	7.155	60
14	19715	7.16	60
14	19726	7.165	60
14	19740	7.17	60
14	19751	7.175	60
14	19765	7.18	60
14	19776	7.185	60
14	19790	7.19	60
14	19801	7.195	60
14	19815	7.2	60
14	19826	7.205	60
14	19840	7.21	60
14	19851	7.215	60
14	19865	7.22	60
14	19876	7.225	60
14	19890	7.23	60
14	19901	7.235	60
14	19915	7.24	60
14	19926	7.245	60
14	19940	7.25	60
14	19951	7.255	60
14	19965	7.26	60
14	19976	7.265	60
14	19990	7.27	60
14	20001	7.275	60
14	20015	7.28	60
14	20026	7.285	60
14	20040	7.29	60
14	20051	7.295	60
14	20065	7.3	60
14	20076	7.305	60
14	20090	7.31	60
14	20101	7.315	60
14	20115	7.32	60
14	20126	7.325	60
14	20140	7.33	60
14	20151	7.335	60
14	20165	7.34	60
14	20176	7.345	60
14	20190	7.35	60
14	20201	7.355	60
14	20215	7.36	60
14	20226	7.365	60
14	20240	7.37	60
14	20251	7.375	60
14	20265	7.38	60
14	20276	7.385	60
14	20290	7.39	60
14	20301	7.395	60
14	20315	7.4	60
14	20326	7.405	60
14	20340	7.41	60
14	20351	7.415	60
14	20365	7.42	60
14	20376	7.425	60
14	20390	7.43	60
14	20401	7.435	60
14	20415	7.44	60
14	20426	7.445	60
14	20440	7.45	60
14	20451	7.455	60
14	20465	7.46	60
14	20476	7.465	60
14	20490	7.47	60
14	20501	7.475	60
14	20515	7.48	60
14	20526	7.485	60
14	20540	7.49	60
14	20551	7.495	60
14	20570	7.5	60
14	20581	7.505	60
14	20595	7.51	60
14	20606	7.515	60
14	20620	7.52	60
14	20631	7.525	60
14	20645	7.53	60
14	20656	7.535	60
14	20670	7.54	60
14	20681	7.545	60
14	20695	7.55	60
14	20706	7.555	60
14	20720	7.56	60
14	20731	7.565	60
14	20745	7.57	60
14	20756	7.575	60
14	20770	7.58	60
14	20781	7.585	60
14	20795	7.59	60
14	20806	7.595	60
14	20820	7.6	60
14	20831	7.605	60
14	20845	7.61	60
14	20856	7.615	60
14	20870	7.62	60
14	20881	7.625	60
14	20895	7.63	60
14	20906	7.635	60
14	20920	7.64	60
14	20931	7.645	60
14	20945	7.65	60
14	20956	7.655	60
14	20970	7.66	60
14	20981	7.665	60
14	20995	7.67	60
14	21006	7.675	60
14	21020	7.68	60
14	21031	7.685	60
14	21045	7.69	60
14	21056	7.695	60
14	21070	7.7	60
14	21081	7.705	60
14	21095	7.71	60
14	21106	7.715	60
14	21120	7.72	60
14	21131	7.725	60
14	21145	7.73	60
14	21156	7.735	60
14	21170	7.74	60
14	21181	7.745	60
14	21195	7.75	60
14	21206	7.755	60
14	21220	7.76	60
14	21231	7.765	60
14	21245	7.77	60
14	21256	7.775	60
14	21270	7.78	60
14	21281	7.785	60
14	21295	7.79	60
14	21306	7.795	60
14	21320	7.8	60
14	21331	7.805	60
14	21345	7.81	60
14	21356	7.815	60
14	21370	7.82	60
14	21381	7.825	60
14	21395	7.83	60
14	21406	7.835	60
14	21420	7.84	60
14	21431	7.845	60
14	21445	7.85	60
14	21456	7.855	60
14	21470	7.86	60
14	21481	7.865	60
14	21495	7.87	60
14	21506	7.875	60
14	21520	7.88	60
14	21531	7.885	60
14	21545	7.89	60
14	21556	7.895	60
14	21570	7.9	60
14	21581	7.905	60
14	21595	7.91	60
14	21606	7.915	60
14	21620	7.92	60
14	21631	7.925	60
14	21645	7.93	60
14	21656	7.935	60
14	21670	7.94	60
14	21681	7.945	60
14	21695	7.95	60
14	21706	7.955	60
14	21720	7.96	60
14	21731	7.965	60
14	21745	7.97	60
14	21756	7.975	60
14	21770	7.98	60
14	21781	7.985	60
14	21795	7.99	60
14	21806	7.995	60
14	21825	8	60
14	21836	8.005	60
14	21850	8.01	60
14	21861	8.015	60
14	21875	8.02	60
14	21886	8.025	60
14	21900	8.03	60
14	21911	8.035	60
14	21925	8.04	60
14	21936	8.045	60
14	21950	8.05	60
14	21961	8.055	60
14	21975	8.06	60
14	21986	8.065	60
14	22000	8.07	60
14	22011	8.075	60
14	22025	8.08	60
14	22036	8.085	60
14	22050	8.09	60
14	22061	8.095	60
14	22075	8.1	60
14	22086	8.105	60
14	22100	8.11	60
14	22111	8.115	60
14	22125	8.12	60
14	22136	8.125	60
14	22150	8.13	60
14	22161	8.135	60
14	22175	8.14	60
14	22186	8.145	60
14	22200	8.15	60
14	22211	8.155	60
14	22225	8.16	60
14	22236	8.165	60
14	22250	8.17	60
14	22261	8.175	60
14	22275	8.18	60
14	22286	8.185	60
14	22300	8.19	60
14	22311	8.195	60
14	22325	8.2	60
14	22336	8.205	60
14	22350	8.21	60
14	22361	8.215	60
14	22375	8.22	60
14	22386	8.225	60
14	22400	8.23	60
14	22411	8.235	60
14	22425	8.24	60
14	22436	8.245	60
14	22450	8.25	60
14	22461	8.255	60
14	22475	8.26	60
14	22486	8.265	60
14	22500	8.27	60
14	22511	8.275	60
14	22525	8.28	60
14	22536	8.285	60
14	22550	8.29	60
14	22561	8.295	60
14	22575	8.3	60
14	22586	8.305	60
14	22600	8.31	60
14	22611	8.315	60
14	22625	8.32	60
14	22636	8.325	60
14	22650	8.33	60
14	22661	8.335	60
14	22675	8.34	60
14	22686	8.345	60
14	22700	8.35	60
14	22711	8.355	60
14	22725	8.36	60
14	22736	8.365	60
14	22750	8.37	60
14	22761	8.375	60
14	22775	8.38	60
14	22786	8.385	60
14	22800	8.39	60
14	22811	8.395	60
14	22825	8.4	60
14	22836	8.405	60
14	22850	8.41	60
14	22861	8.415	60
14	22875	8.42	60
14	22886	8.425	60
14	22900	8.43	60
14	22911	8.435	60
14	22925	8.44	60
14	22936	8.445	60
14	22950	8.45	60
14	22961	8.455	60
14	22975	8.46	60
14	22986	8.465	60
14	23000	8.47	60
14	23011	8.475	60
14	23025	8.48	60
14	23036	8.485	60
14	23050	8.49	60
14	23061	8.495	60
14	23080	8.5	60
14	23091	8.505	60
14	23105	8.51	60
14	23116	8.515	60
14	23130	8.52	60
14	23141	8.525	60
14	23155	8.53	60
14	23166	8.535	60
14	23180	8.54	60
14	23191	8.545	60
14	23205	8.55	60
14	23216	8.555	60
14	23230	8.56	60
14	23241	8.565	60
14	23255	8.57	60
14	23266	8.575	60
14	23280	8.58	60
14	23291	8.585	60
14	23305	8.59	60
14	23316	8.595	60
14	23330	8.6	60
14	23341	8.605	60
14	23355	8.61	60
14	23366	8.615	60
14	23380	8.62	60
14	23391	8.625	60
14	23405	8.63	60
14	23416	8.635	60
14	23430	8.64	60
14	23441	8.645	60
14	23455	8.65	60
14	23466	8.655	60
14	23480	8.66	60
14	23491	8.665	60
14	23505	8.67	60
14	23516	8.675	60
14	23530	8.68	60
14	23541	8.685	60
14	23555	8.69	60
14	23566	8.695	60
14	23580	8.7	60
14	23591	8.705	60
14	23605	8.71	60
14	23616	8.715	60
14	23630	8.72	60
14	23641	8.725	60
14	23655	8.73	60
14	23666	8.735	60
14	23680	8.74	60
14	23691	8.745	60
14	23705	8.75	60
14	23716	8.755	60
14	23730	8.76	60
14	23741	8.765	60
14	23755	8.77	60
14	23766	8.775	60
14	23780	8.78	60
14	23791	8.785	60
14	23805	8.79	60
14	23816	8.795	60
14	23830	8.8	60
14	23841	8.805	60
14	23855	8.81	60
14	23866	8.815	60
14	23880	8.82	60
14	23891	8.825	60
14	23905	8.83	60
14	23916	8.835	60
14	23930	8.84	60
14	23941	8.845	60
14	23955	8.85	60
14	23966	8.855	60
14	23980	8.86	60
14	23991	8.865	60
14	24005	8.87	60
14	24016	8.875	60
14	24030	8.88	60
14	24041	8.885	60
14	24055	8.89	60
14	24066	8.895	60
14	24080	8.9	60
14	24091	8.905	60
14	24105	8.91	60
14	24116	8.915	60
14	24130	8.92	60
14	24141	8.925	60
14	24155	8.93	60
14	24166	8.935	60
14	24180	8.94	60
14	24191	8.945	60
14	24205	8.95	60
14	24216	8.955	60
14	24230	8.96	60
14	24241	8.965	60
14	24255	8.97	60
14	24266	8.975	60
14	24280	8.98	60
14	24291	8.985	60
14	24305	8.99	60
14	24316	8.995	60
14	24335	9	60
14	24346	9.005	60
14	24360	9.01	60
14	24371	9.015	60
14	24385	9.02	60
14	24396	9.025	60
14	24410	9.03	60
14	24421	9.035	60
14	24435	9.04	60
14	24446	9.045	60
14	24460	9.05	60
14	24471	9.055	60
14	24485	9.06	60
14	24496	9.065	60
14	24510	9.07	60
14	24521	9.075	60
14	24535	9.08	60
14	24546	9.085	60
14	24560	9.09	60
14	24571	9.095	60
14	24585	9.1	60
14	24596	9.105	60
14	24610	9.11	60
14	24621	9.115	60
14	24635	9.12	60
14	24646	9.125	60
14	24660	9.13	60
14	24671	9.135	60
14	24685	9.14	60
14	24696	9.145	60
14	24710	9.15	60
14	24721	9.155	60
14	24735	9.16	60
14	24746	9.165	60
14	24760	9.17	60
14	24771	9.175	60
14	24785	9.18	60
14	24796	9.185	60
14	24810	9.19	60
14	24821	9.195	60
14	24835	9.2	60
14	24846	9.205	60
14	24860	9.21	60
14	24871	9.215	60
14	24885	9.22	60
14	24896	9.225	60
14	24910	9.23	60
14	24921	9.235	60
14	24935	9.24	60
14	24946	9.245	60
14	24960	9.25	60
14	24971	9.255	60
14	24985	9.26	60
14	24996	9.265	60
14	25010	9.27	60
14	25021	9.275	60
14	25035	9.28	60
14	25046	9.285	60
14	25060	9.29	60
14	25071	9.295	60
14	25085	9.3	60
14	25096	9.305	60
14	25110	9.31	60
14	25121	9.315	60
14	25135	9.32	60
14	25146	9.325	60
14	25160	9.33	60
14	25171	9.335	60
14	25185	9.34	60
14	25196	9.345	60
14	25210	9.35	60
14	25221	9.355	60
14	25235	9.36	60
14	25246	9.365	60
14	25260	9.37	60
14	25271	9.375	60
14	25285	9.38	60
14	25296	9.385	60
14	25310	9.39	60
14	25321	9.395	60
14	25335	9.4	60
14	25346	9.405	60
14	25360	9.41	60
14	25371	9.415	60
14	25385	9.42	60
14	25396	9.425	60
14	25410	9.43	60
14	25421	9.435	60
14	25435	9.44	60
14	25446	9.445	60
14	25460	9.45	60
14	25471	9.455	60
14	25485	9.46	60
14	25496	9.465	60
14	25510	9.47	60
14	25521	9.475	60
14	25535	9.48	60
14	25546	9.485	60
14	25560	9.49	60
14	25571	9.495	60
14	25590	9.5	60
14	25601	9.505	60
14	25615	9.51	60
14	25626	9.515	60
14	25640	9.52	60
14	25651	9.525	60
14	25665	9.53	60
14	25676	9.535	60
14	25690	9.54	60
14	25701	9.545	60
14	25715	9.55	60
14	25726	9.555	60
14	25740	9.56	60
14	25751	9.565	60
14	25765	9.57	60
14	25776	9.575	60
14	25790	9.58	60
14	25801	9.585	60
14	25815	9.59	60
14	25826	9.595	60
14	25840	9.6	60
14	25851	9.605	60
14	25865	9.61	60
14	25876	9.615	60
14	25890	9.62	60
14	25901	9.625	60
14	25915	9.63	60
14	25926	9.635	60
14	25940	9.64	60
14	25951	9.645	60
14	25965	9.65	60
14	25976	9.655	60
14	25990	9.66	60
14	26001	9.665	60
14	26015	9.67	60
14	26026	9.675	60
14	26040	9.68	60
14	26051	9.685	60
14	26065	9.69	60
14	26076	9.695	60
14	26090	9.7	60
14	26101	9.705	60
14	26115	9.71	60
14	26126	9.715	60
14	26140	9.72	60
14	26151	9.725	60
14	26165	9.73	60
14	26176	9.735	60
14	26190	9.74	60
14	26201	9.745	60
14	26215	9.75	60
14	26226	9.755	60
14	26240	9.76	60
14	26251	9.765	60
14	26265	9.77	60
14	26276	9.775	60
14	26290	9.78	60
14	26301	9.785	60
14	26315	9.79	60
14	26326	9.795	60
14	26340	9.8	60
14	26351	9.805	60
14	26365	9.81	60
14	26376	9.815	60
14	26390	9.82	60
14	26401	9.825	60
14	26415	9.83	60
14	26426	9.835	60
14	26440	9.84	60
14	26451	9.845	60
14	26465	9.85	60
14	26476	9.855	60
14	26490	9.86	60
14	26501	9.865	60
14	26515	9.87	60
14	26526	9.875	60
14	26540	9.88	60
14	26551	9.885	60
14	26565	9.89	60
14	26576	9.895	60
14	26590	9.9	60
14	26601	9.905	60
14	26615	9.91	60
14	26626	9.915	60
14	26640	9.92	60
14	26651	9.925	60
14	26665	9.93	60
14	26676	9.935	60
14	26690	9.94	60
14	26701	9.945	60
14	26715	9.95	60
14	26726	9.955	60
14	26740	9.96	60
14	26751	9.965	60
14	26765	9.97	60
14	26776	9.975	60
14	26790	9.98	60
14	26801	9.985	60
14	26815	9.99	60
14	26826	9.995	60
14	26837	10	60
14	26843	10.005	60
14	26849	10.01	60
14	26855	10.015	60
14	26861	10.02	60
14	26867	10.025	60
14	26871	10.03	60
14	26875	10.035	60
14	26879	10.04	60
14	26883	10.045	60
14	26887	10.05	60
14	26891	10.055	60

